Granularity: 2x
    Epsilon: 0.8
    Total time: 40.2536698s
    Best average reward: -163.3070943061859
    Best time: 0.004139443000021856s
    Entropy: 1.0788890975316086
    Coverage: 122.5
    Stability: 181.7564878065238%

Rewards: [-178.3587411054655, -167.78914815689043, -170.13007746636694, -166.56264853081623, -168.6625882475675, -166.99739834067236, -163.57144419325425, -166.29459289410303, -169.19714772529397, -166.42960890223839, -165.66393315257392, -163.73102252804247, -163.9704592160796, -163.71229319131945, -166.12386162713744, -165.04916139221663, -166.08369560830076, -161.31045063141627, -164.63855718313616, -162.54162607731448, -162.97475641869153, -167.66767577355873, -164.68603939895655, -163.856065132639, -166.89921402273984, -162.67294814719457, -162.90264817251892, -162.47467046811292, -166.04741004939623, -166.62771974141103, -162.91511891846244, -167.20253151430035, -165.85239497798807, -165.6176911151199, -164.66017541861217, -163.33182197405696, -167.17379364761794, -165.13920143000442, -161.53321519258324, -164.2570336635382, -165.6470173138584, -161.51149809612784, -164.29080584259543, -166.39689706436045, -166.6205872685475, -166.07641852493146, -162.98704355660047, -164.04712643756508, -164.6026244573177, -162.5119467912362, -165.5930326546042, -167.45027793759766, -162.4911335001728, -160.78731021100575, -165.74819143918458, -164.79355626017448, -165.13169120957667, -166.10499045762347, -161.24386291546617, -164.57686613604793, -163.62198567296684, -161.9408501663643, -165.6592958184069, -163.76572784452352, -164.64223359249593, -163.92235990427125, -164.36446387462564, -165.70539640006155, -165.2733917916794, -162.4403574178128, -164.92794543238531, -166.5479110362789, -167.08790269399844, -164.9099770137647, -164.99207595447916, -163.54712825752617, -167.21685057698073, -163.57735796956018, -163.43706618842316, -162.29787689240376, -160.56924342884125, -166.65023752867407, -162.9033117464976, -166.30673358227926, -162.6203864754573, -166.85485569862496, -164.53699095823438, -162.70163033796786, -160.9989249827771, -165.0378496655931, -163.4476591536372, -166.30504857397705, -164.293738524343, -164.16943762568408, -162.96933220698713, -165.6333935638818, -162.48174915205843, -163.21570829808513, -165.8386540388382, -163.3070943061859]

Times: [0.003864475000882521, 0.0039776080007140995, 0.003988842000835575, 0.004060735001257853, 0.004356397999217733, 0.0039041880005970596, 0.0039445850004267416, 0.0040300370000477415, 0.004106500001071254, 0.003980099999607773, 0.0038845859993307387, 0.003925380000291625, 0.003978062000096543, 0.00397604500016314, 0.003995145000808407, 0.003913312000659062, 0.0039018839996424505, 0.00399471699987771, 0.00410194199954276, 0.0040146310000272935, 0.003916468999959761, 0.0041830169997410845, 0.004128685000323457, 0.004075708999298513, 0.004009612000227207, 0.0039023180000367576, 0.004151326000283007, 0.004148105999047402, 0.0039184330010903065, 0.00393923099982203, 0.003932827001117403, 0.004006116000236943, 0.003993479000055231, 0.004082525999838254, 0.004004010001081042, 0.003959260999836261, 0.004234955998690566, 0.0039835560000210535, 0.003955204000230878, 0.003948692999692867, 0.003914255999115994, 0.004031852999032708, 0.003986772000935161, 0.003908729000249878, 0.003968455000285758, 0.0039877159996831325, 0.0039137439990008715, 0.004012430999136995, 0.0038911009997536893, 0.004149740998691413, 0.003949626999092288, 0.00400880200046231, 0.003996815999707906, 0.0039346020005177704, 0.00407860099861864, 0.0039702530004433354, 0.0038826709995919374, 0.004194164000073215, 0.00410869699990144, 0.004022310000436846, 0.00397711900062859, 0.004093320999818389, 0.00399165200011339, 0.0041583859990350905, 0.004177743001055206, 0.0039009040001838, 0.004312533999909647, 0.003990953999600606, 0.003994952000648482, 0.003996233000216307, 0.003999970998847857, 0.004073528000590159, 0.003955769999447511, 0.004138492999336449, 0.003990124000265496, 0.004041028999490663, 0.004064181999856373, 0.003964351999456994, 0.003978841999341966, 0.004093164000369143, 0.004173535000300035, 0.0040475380008865615, 0.0039457720005884765, 0.00417591499935952, 0.004072449999512173, 0.003997780998324743, 0.004022849999601021, 0.00393160599982366, 0.0040799520004657095, 0.0040755640002316795, 0.00397265999999945, 0.003941676998510957, 0.00400650600087829, 0.004080956998368492, 0.004054297000257065, 0.004010100001178216, 0.004047496000712272, 0.00396436600087327, 0.003986247001157608, 0.004139443000021856]
