Granularity: Quarter
    Epsilon: 0.8
    Total time: 41.2128741s
    Best average reward: -192.19935257903623
    Best time: 0.003983508999081096s
    Entropy: 1.0984754746226897
    Coverage: 5.0
    Stability: 367.00627243057613%

Rewards: [-192.50602494803476, -196.89291421600893, -197.96713159803255, -194.21144722592646, -195.66466095010398, -196.31635207379978, -194.4507249329398, -193.24786406279304, -193.92735523503652, -192.18792583883933, -192.11818020078564, -195.82575707603806, -193.83927024664882, -194.00443777162712, -192.8942025363778, -195.6648359850746, -196.03843111582918, -192.12844806672797, -190.7324026571397, -192.62106158996414, -191.07940206913332, -194.9674736365081, -197.35689449270154, -194.25892423237096, -193.36241769943427, -194.4492820843826, -194.56972455466882, -194.87948954221068, -194.10936138799573, -194.82790433358502, -195.3694157461353, -195.8885389555745, -193.09339961206416, -194.4737631546081, -194.51345975518768, -193.195723579187, -193.0615776744524, -193.7111553613238, -195.70381170535902, -194.798608004701, -194.5489723303964, -193.06432800379307, -195.01960102855222, -193.7033184945366, -194.13120003383665, -191.65115732461163, -194.01036817119046, -193.65756810123415, -191.66677325446065, -194.2878764844715, -194.55143663783568, -197.0656196980003, -192.08611954693026, -195.05350321153233, -194.68971142187883, -191.71264439774757, -195.225935576345, -195.6603620113109, -195.06135528704235, -193.58989551978837, -193.5995030839094, -193.32973168927634, -194.67769442203294, -195.35492134468393, -195.09522474554458, -195.82624278679617, -196.47049584556163, -192.73519327292482, -193.72999394846127, -194.1495772485341, -195.27831984056968, -195.36271884348398, -196.02830257052116, -194.27059671189855, -194.7428238325091, -196.96965848603253, -194.0232946767141, -191.86643184559324, -193.7337817795189, -192.8386743419147, -195.51836688348752, -193.05307185971688, -189.6229351389386, -193.70650153802592, -194.8218332062275, -194.01554538822586, -194.07525389930186, -193.780238852181, -193.9566346413412, -195.9479119863004, -195.706157030294, -194.72102967574483, -194.3596603690541, -192.0540337385369, -194.92250674378175, -193.27841943869004, -194.28433438202305, -191.45430048997642, -194.42937035189954, -192.19935257903623]

Times: [0.004073255998664535, 0.0040400330000557, 0.003938037001062184, 0.00426998799899593, 0.004114163001213455, 0.004275002999347635, 0.004132960999704664, 0.004263513999758288, 0.004091326000052504, 0.004181239999452373, 0.004205545999575407, 0.0039175930006604175, 0.0037363279999408404, 0.0038254240000969732, 0.003960196000261931, 0.0046947910013841465, 0.004147439000371378, 0.00431288700128789, 0.004279037999222055, 0.00399650700026541, 0.003942135999823222, 0.0038767599996936044, 0.004040591000666609, 0.0038315929999225774, 0.003927676999737741, 0.004020353997912025, 0.004057026000518818, 0.003854686999547994, 0.003991099000559189, 0.00392388199994457, 0.004095132000074954, 0.004271908000519033, 0.0039712439989671115, 0.004277644000394503, 0.004111526000342564, 0.00408081400077208, 0.005129959000769304, 0.004835772000224097, 0.006401212000200758, 0.005495430000737542, 0.004034335999022005, 0.003854522000037832, 0.003946044998883735, 0.0037927689983916933, 0.0038382579987228382, 0.0039173990015115125, 0.0038652740005636586, 0.004037372001184849, 0.003955857999972068, 0.003997116000391543, 0.004064388001133921, 0.004609714999824064, 0.003995395000092685, 0.003990734001126839, 0.004086938999680569, 0.003843064999964554, 0.004300387000985211, 0.0039884400001028554, 0.004056837999232812, 0.003934645999979693, 0.003926713999826461, 0.004081886001222302, 0.004033454999880632, 0.003875072999653639, 0.003908832000743132, 0.004186132000031648, 0.003854242000525119, 0.00409901299935882, 0.003931771000934532, 0.00387515699971118, 0.003873603000101866, 0.003840549000451574, 0.0041990650002844635, 0.003949982999183703, 0.003860148999810917, 0.0038905610000074375, 0.003927641999034677, 0.004021067999565276, 0.0037948899996990805, 0.004541996000189102, 0.004584454000287223, 0.004057637999212602, 0.004197173001157353, 0.004030380999611225, 0.003822165999736171, 0.003844326999678742, 0.004056288000429049, 0.004061541999253677, 0.003956646000151522, 0.0043377090006833895, 0.0038207149990194013, 0.0038859589990170207, 0.0038783250004053114, 0.004129588999785483, 0.004171517000359017, 0.00494703199918149, 0.004572125999984565, 0.004660146000678651, 0.004137599000678165, 0.003983508999081096]
