Granularity: 100x
    Epsilon: 0.8
    Total time: 48.1957898s
    Best average reward: -195.17199586938187
    Best time: 0.004582979000842897s
    Entropy: 1.0985888009992144
    Coverage: 95234.5
    Stability: 187.7619278447209%

Rewards: [-197.5319333491212, -196.2927648125228, -198.56415976087007, -198.6819120139905, -197.17996853028416, -194.29238941870162, -200.1305433386361, -196.5326770826375, -199.01496480665338, -196.8295760952849, -198.5846339748662, -198.34372706896167, -197.7983371780748, -194.50649478729966, -197.29097237622423, -199.8381187174314, -198.04404902187514, -197.97184617307616, -199.2443468262107, -196.5240324434747, -196.35177928264943, -195.28895328841514, -193.85446876637485, -200.4369958164689, -197.81345591641926, -198.30655943746385, -195.608145935994, -198.21710758942933, -197.96965363583732, -200.83977147923375, -194.4990916895293, -195.00702692681497, -197.2746080707074, -195.5607141215596, -194.43618115592767, -195.59063225351426, -195.52870985999934, -197.21246182976375, -197.09941593692054, -196.94767823633381, -194.5323718187362, -196.56062372037815, -194.2435343488759, -198.45413959263834, -197.15338654121138, -194.42497793460277, -196.30188161639285, -196.4693623084236, -196.2138807374899, -195.9545707533129, -193.63273606359633, -192.36898780403197, -194.62343919778834, -195.23542710102134, -197.91493827867197, -194.12459142987313, -195.97804951855105, -194.41095914374418, -195.72617855785052, -194.3647936168798, -195.31694381607696, -197.1883804182076, -195.0437647192956, -193.91359254504093, -193.4220570171183, -194.51063296280674, -195.53041722938897, -194.2531260196348, -193.58504761020205, -196.03182771562012, -194.66289036378384, -195.61682278190622, -197.07021156821702, -193.25205473470976, -194.4504204242012, -196.31748277174214, -193.42056337253834, -195.92194130184646, -192.3704262209922, -193.7562545926134, -194.37530593685509, -195.9576520123033, -194.1832605557208, -192.93474815290674, -194.30583257359442, -193.63083153968492, -197.98483379533783, -195.97972472457008, -194.83446945085646, -192.53329601149238, -190.0123214927984, -194.61419253954386, -193.95933251958596, -192.45692956324913, -197.67944752024454, -194.0670434374763, -194.86972288119182, -193.50406504745374, -191.02941387904906, -195.17199586938187]

Times: [0.00471950200109859, 0.004933547000255203, 0.00480904299984104, 0.005488518000493059, 0.005261210999451578, 0.0044934300007298585, 0.004680495002539828, 0.0046581900004821365, 0.00459778499964159, 0.004592666999378707, 0.004495765000756364, 0.004760175000119489, 0.004573342999792658, 0.004952937000780366, 0.004547667999140685, 0.004927414000121644, 0.004342644000280416, 0.0047438310003781224, 0.004726302000199212, 0.004676390999084106, 0.004818638998985989, 0.004767742000258295, 0.004469564999308204, 0.004576043000706704, 0.004884926000231644, 0.004925867000129074, 0.004702065999736078, 0.004381384999578586, 0.004641569999512285, 0.004479964000784094, 0.004929884000594029, 0.004359967999189394, 0.004774264999141451, 0.004524305000086315, 0.004697342999716057, 0.0046296999999322, 0.0047731500001100356, 0.00443561700056307, 0.004731026001099963, 0.004413477000925922, 0.004600534999772208, 0.0045854730010614735, 0.00527795700050774, 0.004652503999968758, 0.004474068000126863, 0.0046845789988583415, 0.004846090999490116, 0.004647471001080703, 0.004657525999937207, 0.004572394999850076, 0.004492732001235709, 0.005209221999248257, 0.004364045000256738, 0.004533188999921549, 0.004448576000286266, 0.004764437999692745, 0.004620919999870239, 0.005501309000246693, 0.0047100460006913635, 0.004910884998971596, 0.004498483998322627, 0.004867382001102669, 0.004379528000281425, 0.005148070999857737, 0.004677002000098582, 0.004969106001371983, 0.004667078001075424, 0.004773028999188682, 0.004387755000643665, 0.004690927000046941, 0.004435739999607904, 0.004726259000453865, 0.0044800089992349966, 0.004431032999709714, 0.005869789999705972, 0.004482669999997597, 0.00528745100062224, 0.006028863999381429, 0.00485148799882154, 0.004465555000206223, 0.005022658999805572, 0.004675953998521436, 0.005543677999812644, 0.004680521000409499, 0.004719405999785522, 0.004530368999985513, 0.00474044300004607, 0.0045956929997191765, 0.004985089999827323, 0.004910425001871772, 0.004601525000325637, 0.004556334999942919, 0.00484344299940858, 0.004542339000036009, 0.004778122000425355, 0.004535036999877775, 0.004755749999167165, 0.004865095997956814, 0.004608731999906013, 0.004582979000842897]
