Granularity: 10x
    Epsilon: 0.8
    Total time: 40.7680553s
    Best average reward: -156.65736582377355
    Best time: 0.004020269999600714s
    Entropy: 1.077489008401206
    Coverage: 2827.5
    Stability: 223.02160517391587%

Rewards: [-195.06240704155726, -196.15191411821138, -187.93383119896433, -185.3194117654075, -180.82067179342027, -179.42560836844848, -180.89090068104352, -177.36377809929905, -175.99938321139095, -177.4294378556896, -173.22575942735185, -173.32345629645272, -171.81756140988148, -175.41447939450038, -167.83282116061258, -169.02891208424796, -168.481204581705, -168.52029346596674, -164.6740238178118, -164.81396202822495, -165.5149522239536, -165.425591800178, -165.26023167911472, -167.0497405400004, -166.54429742875834, -164.32410757258174, -164.0012494283762, -162.9792179322393, -163.6006857271557, -160.44471610387404, -160.75846192194035, -161.42722578174858, -161.13072635093863, -158.1372792206629, -163.65681667635963, -163.3561561165452, -165.30049167146103, -166.51169105820227, -158.46128230052204, -163.1057243934541, -165.40543322144168, -161.9123975233969, -161.3912782045369, -163.80285213234913, -161.77722566018647, -160.9853226921282, -160.5461852050069, -162.02792545721658, -157.94147838711459, -161.14209568858104, -160.4721580882877, -159.98977838701606, -161.04216421357285, -158.88602491734508, -161.26312824631384, -160.6709382893815, -159.07553679289268, -159.74869649187048, -162.3047342406218, -162.45846056376314, -158.7389000951997, -162.62711993941016, -160.98976613633485, -161.30891678037946, -161.7502128023449, -160.189064409336, -157.75100360476196, -160.54589088118604, -157.7510383573906, -160.05211249518538, -157.9031971815831, -158.5435644786291, -159.61200253928897, -160.3784146771966, -159.5480992507163, -157.65404497733553, -159.48700416363388, -157.02738871833643, -159.0226513122101, -155.74506356622683, -159.36211268162796, -156.412199688143, -159.90658221191634, -155.75230280301258, -158.8343409322579, -158.3416178343056, -157.67205326298796, -161.19032223315676, -158.8046338068203, -158.09943747796808, -157.71439693829754, -158.3267239927478, -155.81693044628818, -160.05288177911982, -158.94100793349594, -160.6384132874778, -158.36811298519763, -162.0483293148795, -161.52229468299964, -156.65736582377355]

Times: [0.0038783030006743504, 0.003993368000374175, 0.003963215001276694, 0.003905543001019396, 0.003998859000421362, 0.004316658999596257, 0.004087513999984367, 0.0039321609996841285, 0.003906734000338474, 0.004393463000742486, 0.003999317999696359, 0.004101093000354012, 0.0040635920011845884, 0.00413225100026466, 0.004122430999705102, 0.003956634998612572, 0.004306178000260843, 0.004061578999680932, 0.004234096999862231, 0.004090524001367157, 0.004113852000009501, 0.0041084700005012565, 0.004048496000759769, 0.0040744259998609774, 0.004216712000197731, 0.003991789000137942, 0.004043327999534085, 0.003991668999515241, 0.0042111940000904725, 0.0039685369991639165, 0.004235920001228806, 0.004071747001435142, 0.004099724998814054, 0.004110804999800166, 0.004060019999742508, 0.004190269000246189, 0.004080286000680644, 0.004017165000987006, 0.0041115589989931325, 0.004166626999212894, 0.004220059000217589, 0.004218238999892492, 0.003984044999670005, 0.0041342430000077006, 0.0039972099996521135, 0.0040716399991651995, 0.004053246000985382, 0.0041344770000432615, 0.004076698999269866, 0.003980602000083309, 0.004035769001493463, 0.004143379999877652, 0.004028069999767467, 0.004088953999307705, 0.004176413999666693, 0.004018464998953277, 0.003968394999828888, 0.0040058990013494625, 0.003988842000107979, 0.004007294999755686, 0.004102577999583445, 0.004037302000942873, 0.0040312910011562056, 0.004041965999931563, 0.004001743998669554, 0.00409731799911242, 0.004021562997950241, 0.0043627249985001984, 0.003984873000154039, 0.004074683999933768, 0.004173399999999674, 0.0041067500010831285, 0.004111676000175066, 0.00406093199911993, 0.004161755000095582, 0.004061371000716463, 0.003972258999419864, 0.004277208999119466, 0.004028416999790352, 0.00403864700027043, 0.004068712999578565, 0.003994911999761826, 0.003980026999633992, 0.004051521999499528, 0.004165842000802513, 0.004039698000560747, 0.004027926999115152, 0.003976751999580301, 0.004024002999649383, 0.004094411999394651, 0.0040250970008492, 0.003971847999200691, 0.004183508000423899, 0.0039223229997151065, 0.003981303000909975, 0.003912496999691939, 0.004029890000383602, 0.004035838000418152, 0.004047352000197861, 0.004020269999600714]
