Granularity: 100x
    Epsilon: 0.8
    Total time: 45.0179856s
    Best average reward: -193.81503612531188
    Best time: 0.004071922000293853s
    Entropy: 1.0985878072466473
    Coverage: 94311.5
    Stability: 277.7473899029927%

Rewards: [-198.75511744513088, -197.74732963074104, -197.8258295833637, -196.15521710508617, -195.81873328167777, -195.3551866022048, -196.55967029482818, -197.50187304426487, -196.07733337970745, -197.5299113052949, -196.4488294542746, -196.65244273086265, -200.08817147768934, -196.58528730965398, -196.554547616765, -197.03968012672158, -198.12967237569535, -196.90066935515387, -201.00863390322505, -194.9418400574386, -196.6197539511624, -197.02366333308305, -195.23912351552045, -196.05197281028603, -194.80449347300922, -196.90152181553898, -199.13583662943935, -197.31142244956638, -195.84381062543525, -195.98944677179247, -197.79771684634179, -193.4745266148552, -197.2561706240423, -198.6635701631612, -196.17588255855506, -197.7480072312834, -195.131284077841, -199.02976936192033, -197.42070460689214, -195.91982018236328, -194.5959239803098, -198.29817949556335, -196.5904211518617, -197.17306896912186, -196.0902318739831, -194.27083577997809, -197.35958173793009, -200.35239578234152, -196.59489371939424, -196.3060154753858, -198.40394250483357, -196.59668602270162, -195.5175265103462, -195.77394437104994, -192.44064676567038, -196.16971875449275, -196.8870192750602, -196.2798457846653, -195.2909490180911, -196.12126621075447, -198.90993934611473, -194.32742771339625, -195.62012114066488, -194.9801201660517, -195.7433991599242, -195.0639662130909, -194.69620644568775, -194.7472543748518, -193.04604179159213, -195.65196787980915, -194.58649656663317, -193.82940442272763, -194.66056954375125, -195.24417052596502, -192.6287306256172, -192.3986291632931, -191.60160610230042, -192.965408421845, -195.16158487759625, -195.61945467161704, -191.30141984349532, -193.9355864990339, -195.5783613006578, -195.1293268408382, -191.6421999194906, -196.19423215299642, -195.76875726130535, -196.089551647749, -194.44637528132452, -194.5536627140921, -192.16106744251297, -194.7466625068617, -194.24496872684256, -194.51019665967905, -193.8515323622543, -193.91650848202104, -191.97385790508076, -197.19015937995, -197.69059413440252, -193.81503612531188]

Times: [0.016560826999193524, 0.006585123000259045, 0.0050951940007507805, 0.005182424000231549, 0.003958287000132259, 0.0045995420000690505, 0.004535424999485258, 0.004220969000598416, 0.003944523000100162, 0.00443265900001279, 0.0053938240003481045, 0.005536234000319382, 0.003955964000488166, 0.004839008000126341, 0.0049796630002674645, 0.0041299350000917915, 0.004260581999551505, 0.005285053001134656, 0.004519332000054419, 0.004562112000858178, 0.0052675849995284805, 0.004211325000360375, 0.004261720000358764, 0.004085736999986694, 0.003954382000229089, 0.004041037000570213, 0.00397625399986282, 0.0041265860000567044, 0.004003147999610519, 0.003983006999769714, 0.0039899639996292535, 0.003978317999280989, 0.003996643000718904, 0.004209502000740031, 0.00402644700036035, 0.004004635999735911, 0.00397473999983049, 0.0039527520006231495, 0.005508526999619789, 0.004329871000518324, 0.0046371070005989164, 0.004076460000214865, 0.004981869000766892, 0.004867318999749841, 0.0043380919990886465, 0.004172672999993665, 0.00419083300002967, 0.003934539999463595, 0.004040136000112398, 0.004899595000169938, 0.004026586999825668, 0.004230341000074986, 0.004377641000028234, 0.004213452999683795, 0.004074220000911737, 0.004333516000333475, 0.004347249000275042, 0.004173247999860905, 0.0039006130007328468, 0.004008622999390354, 0.0041179260001808875, 0.00410389800046687, 0.003997531998611521, 0.004059896000253502, 0.003982376999920234, 0.004095971000497229, 0.004007055999099975, 0.004093622999498621, 0.0039200340004754254, 0.004227264000364812, 0.004056202000065241, 0.00406417100035469, 0.004161007000075188, 0.004160339000081876, 0.004079775000136578, 0.004219973999424837, 0.004151279000070645, 0.00421106000081636, 0.0040081889997236435, 0.004001348001038423, 0.004047501999011729, 0.004016034999222029, 0.003986587000545114, 0.004119543999549933, 0.004136426000623032, 0.0041273080004611985, 0.004103383001202019, 0.004007330000749789, 0.004100717999535846, 0.003976262000214774, 0.004028526000329293, 0.004127333000215003, 0.004033216000534594, 0.00408441900042817, 0.004094161999528296, 0.0040952789997390935, 0.004106443000200671, 0.00413159500079928, 0.003996616999938851, 0.004071922000293853]
