Granularity: Quarter
    Epsilon: 0.8
    Total time: 44.4565259s
    Best average reward: -196.4164862952421
    Best time: 0.0047993540004245s
    Entropy: 1.0985114429857492
    Coverage: 5.0
    Stability: 208.64603829909086%

Rewards: [-197.04377771420238, -194.3714925525758, -194.88331068638, -197.67342301897745, -194.50376057904734, -193.49421263448983, -192.6178376178377, -193.66237059671624, -194.5524003652588, -193.18153415896734, -195.24766848935923, -195.4529118588672, -192.40574175764294, -195.69305667037509, -195.13823127737425, -196.81417785235186, -194.95690717475298, -195.14221491875927, -192.3822385575476, -196.0716861821957, -192.74987174877035, -195.22313198286756, -192.23723651337386, -193.04524147252272, -192.59176520919183, -197.5966198518958, -195.47344482972528, -195.67899066547704, -195.43771919932044, -196.9970793288291, -192.15362335618377, -191.8018651661967, -193.58237099684754, -192.58310328257977, -194.16538033575551, -196.26686007737084, -194.2546041025366, -193.35499313393936, -195.5281956613058, -191.79788772717242, -194.5594704561211, -193.4720270127004, -195.9584969103715, -199.33979331832933, -193.24201623681955, -194.03172577488698, -192.61704593620843, -192.78703385730373, -194.6522949445769, -192.30840902919815, -194.02703240795373, -192.23453766878035, -193.46928303394196, -193.30239658833466, -195.59748454683069, -191.78867626033818, -194.74846582503483, -191.3301439209549, -194.49047442495012, -190.26481347815061, -194.6510296979736, -195.19705216586183, -197.40407940593883, -196.52769770836485, -193.26132750857755, -197.06958758429317, -192.73018268866693, -195.63858757797829, -195.80852691965407, -195.97357511595, -194.4571243734797, -195.9008104669205, -192.95937628514258, -193.89899410662616, -195.07269543092008, -195.82210253421127, -195.1391444467078, -191.68913174404943, -193.68925499843837, -195.0758028274553, -191.82259944828184, -195.87099265380505, -194.0372260670246, -195.71328187132218, -196.19780045255152, -193.33489760274196, -193.49339805859418, -192.23989802818673, -193.51244197124637, -197.94753807479134, -197.11491525718768, -191.28020403902173, -191.03774656532235, -191.7996171284405, -193.2394515401516, -191.42363007250972, -194.96062145814568, -197.40786227991765, -196.45171178049844, -196.4164862952421]

Times: [0.0038925300007394983, 0.003846601999102859, 0.003886725000338629, 0.003836547999526374, 0.0038641570006439, 0.003832515999383759, 0.003956171000609175, 0.003835840999818174, 0.003925042000046233, 0.0038022940006339923, 0.0038241000003472435, 0.0038322210003389045, 0.003936575000116136, 0.003863511001109146, 0.003909135001595132, 0.003883849000267219, 0.003947001001361059, 0.003815905999945244, 0.003934151000576094, 0.004020155999751296, 0.004109961000649491, 0.004045227999886265, 0.0044245300006878095, 0.004748722000513226, 0.004686523999698693, 0.004246547999646282, 0.004653017000382533, 0.004298158000747208, 0.004005458001047373, 0.004110511000035331, 0.004246900000289315, 0.0041108720010379326, 0.004169429999747081, 0.004831251999858069, 0.004675643999507884, 0.00482091999903787, 0.004270953001105226, 0.004040254999417812, 0.004512462001002859, 0.003981413998408243, 0.00525294700069935, 0.004107705999631435, 0.0039712469991354735, 0.00392356599928462, 0.0042195050003647335, 0.004214402000361588, 0.004549852998898132, 0.006214168999431422, 0.004296482998906868, 0.004719897999166278, 0.0059005339995201215, 0.0051406490005319935, 0.004862431999499677, 0.004413329000090016, 0.004027623999136267, 0.00427728599999682, 0.003946374000661308, 0.004093497999856481, 0.00394645399908768, 0.004225649999425513, 0.0039048619991808664, 0.0039772310003172604, 0.0038657379998767285, 0.004431037999747787, 0.00395875300077023, 0.003989700999954948, 0.0040537149997544476, 0.004019808000157355, 0.004195345999905839, 0.004055107999010943, 0.004263290998933371, 0.004690765001141699, 0.005872831000160659, 0.0044566350003879054, 0.004411342001258162, 0.005156869999627816, 0.005555482999770902, 0.004324195999652147, 0.0043373260003863835, 0.004743155999894952, 0.006106383001024369, 0.0046364949998678635, 0.005147436000261223, 0.006090812999755144, 0.00592851199922734, 0.004993573999818182, 0.0046087769990845115, 0.005057462999393465, 0.0057410370005527515, 0.0067779799990239555, 0.005258376999408938, 0.0044860339998558625, 0.004640629998903023, 0.004520225998858223, 0.0045483789988793434, 0.004275730000226758, 0.004423565999168204, 0.0043592870012798815, 0.004215039001137484, 0.0047993540004245]
