Granularity: Half
    Epsilon: 0.8
    Total time: 45.3330938s
    Best average reward: -182.99999947886522
    Best time: 0.004061375000746921s
    Entropy: 1.0952351902582635
    Coverage: 12.5
    Stability: 120.90600225818432%

Rewards: [-182.53240912598628, -180.84049755404266, -186.59389871122374, -182.59788896457664, -183.8138976642162, -181.51692703942365, -182.60882181051835, -181.12203665140052, -184.17112038099629, -181.24909972646236, -182.69826018779352, -182.31567009427425, -185.13667612166842, -182.90151798788992, -185.38401507918263, -180.70489023624282, -181.96945316205455, -181.35690386726964, -183.51153973787916, -182.0389026062111, -185.30334589790448, -184.59879538000612, -185.83243490099161, -182.43819566632862, -181.17551952272348, -183.60388937813997, -181.6158397212062, -186.20780719784474, -184.37472091092408, -182.66684213700321, -184.2800902406134, -183.1752004698735, -182.98748626348154, -182.28038425658636, -184.10989290638454, -181.03608776124872, -184.47890196960213, -180.5930988746599, -183.48318541139716, -184.90507264505248, -182.19893504222523, -184.2081009043155, -182.83360848081327, -184.61539634876036, -183.7779507159832, -185.92707973263833, -181.4663147059143, -181.93661951121234, -180.72240620667384, -185.76955155065423, -180.3403312089742, -181.82414077446873, -182.76651993585136, -182.0031961117681, -183.4287191671646, -181.09875508575385, -187.6361779458865, -181.18524906282155, -184.85832875888727, -180.1023995707255, -182.99933313859555, -185.0767005982066, -185.62812735419016, -181.30774098229787, -183.52961900545608, -183.26282357720072, -178.8715220268203, -185.9267433721132, -185.72538780492712, -181.4785546113079, -183.2505123014507, -183.66221191163103, -180.39409048977004, -186.32626444152893, -183.5664167756171, -181.57391920396677, -180.82009078535654, -182.17604045188716, -184.13045243323623, -182.00732666150557, -184.10073579535674, -181.1988765988656, -183.99325022907342, -181.15633117299132, -182.40023553854076, -185.9370057450936, -182.35826207482694, -184.68331180666027, -183.82194287879062, -185.90824998719475, -182.985265100907, -180.76568027618762, -182.44759337690618, -183.7286467213238, -184.7411106286598, -181.38807644508054, -178.41228889626902, -184.30941659276164, -181.21202615170034, -182.99999947886522]

Times: [0.004440602000249783, 0.004302241999976104, 0.004487205000041286, 0.004603501000383403, 0.004399296999617945, 0.0045018970004457514, 0.004360732000786811, 0.0044889659999171275, 0.004471264000167139, 0.004259498998726486, 0.00426825100032147, 0.004606406999373576, 0.004377530000783736, 0.004333556999627035, 0.004697461998439394, 0.004322296999889659, 0.004547963999502826, 0.005472613999736495, 0.005320603999425657, 0.004096182999346638, 0.00441448900004616, 0.004299018000892829, 0.004928328999521909, 0.004668079000111902, 0.004167675000499003, 0.004196042999828933, 0.004257262999308295, 0.004635138998710317, 0.004539166001195554, 0.004097738000709796, 0.004109215000207769, 0.004220039997744607, 0.004035746000590734, 0.003956476999737788, 0.004119905999687035, 0.003857273000321584, 0.004172709000558825, 0.004206210000265855, 0.004198317999544088, 0.004189944000536343, 0.005785149000148522, 0.005127381000784225, 0.004501277998351725, 0.00496721199946478, 0.006308461000153329, 0.004639742999424925, 0.005367166999349138, 0.005447767999430653, 0.0059637559996917845, 0.005873855000681942, 0.004292405999876792, 0.003852526999398833, 0.00413312599863275, 0.0046465589990839365, 0.0051252809990546665, 0.00458927399959066, 0.004341925000335323, 0.004093807999743149, 0.0038739610002085103, 0.004903760000597685, 0.004333847000380047, 0.0042044070005067624, 0.004435109000041848, 0.004272492999734823, 0.004935764001274947, 0.0069455210001615345, 0.005669227999751456, 0.004509321998921223, 0.004258792998880381, 0.006230806000385201, 0.0048584110003139355, 0.005558815999829676, 0.004808395999425556, 0.00383145399930072, 0.003933704999508336, 0.004558566999621689, 0.00660876600042684, 0.0055272460005653555, 0.004637763999635353, 0.005430121998942923, 0.004321086001291405, 0.0037889359978726133, 0.003833524001238402, 0.004002862000343157, 0.0038334630004828794, 0.004179941999318544, 0.00401568799992674, 0.004053098000149476, 0.00399742800029344, 0.0037428210004873106, 0.00385946799928206, 0.0038851049992081246, 0.004136593999428442, 0.0038686770014464853, 0.004051801000023261, 0.003904189000604674, 0.003979064000886865, 0.0041771810012869535, 0.0039191570003458765, 0.004061375000746921]
