Granularity: 5x
    Epsilon: 0.8
    Total time: 40.4961590s
    Best average reward: -155.62042624714815
    Best time: 0.00398624200024642s
    Entropy: 1.070856043346613
    Coverage: 808.5
    Stability: 238.54750965012204%

Rewards: [-189.05883235504385, -179.2167082419237, -175.85932146926461, -173.44698565755806, -168.42541783524183, -171.0847803696646, -162.79394856429744, -164.30966841105058, -165.79160055134201, -161.0833552760634, -161.13172015080718, -161.25902485832964, -160.4534800261203, -162.3952484529959, -162.55133361160006, -163.9485399083807, -161.51301843437534, -160.0793610804258, -163.59647944410958, -160.36499737899987, -162.12853840097813, -158.2043451492271, -160.99871069414078, -158.92523513729242, -160.56856334259496, -163.40153975570027, -158.53947069749876, -156.46452891569723, -159.24927133137663, -159.08011386212596, -163.07422766182177, -160.80355183612923, -161.86971164969202, -159.99019892526883, -160.8845069933956, -157.05026575392822, -157.5088660008175, -159.8003522517973, -160.76650910176187, -159.11288607800498, -156.45423113122595, -155.9432279158944, -158.3100274971043, -158.89874530506586, -159.55144877881725, -155.97348603878564, -158.9173785834439, -162.2331035715162, -160.04037291668374, -159.19147707177825, -160.72674109599262, -158.5480466367466, -157.2001310930466, -158.23358225078871, -157.92939223065156, -154.6209020562155, -158.78990367077867, -157.37719894334055, -157.9658755007934, -157.29568761702873, -156.71925363033776, -157.22514193721258, -155.79915151046157, -157.63315688189255, -156.19838105398875, -156.88654480043854, -157.54813159867604, -159.79101665796907, -158.9575288957201, -155.57393332334416, -159.07220824156528, -157.69671122924922, -158.7543742158716, -158.71275334286952, -158.3439896568581, -157.046195408842, -154.49934166211295, -161.0995945039618, -159.99215394864675, -158.42478842544548, -155.75316307274304, -159.21664354297604, -155.27310757445036, -159.2858953757625, -161.29087542730875, -157.0402770003692, -159.30385510541004, -158.89598605612062, -155.0316579852852, -155.42680353741954, -157.80157176868315, -156.09024383140047, -159.1527676779061, -158.51960198237964, -156.14481337169434, -159.175418846386, -156.9889698840291, -158.041666533245, -156.84404978680934, -155.62042624714815]

Times: [0.0038588770020578523, 0.0039916400003130546, 0.004047443000599742, 0.004001490001101047, 0.004023361001018202, 0.003993762001628056, 0.004002468000398949, 0.003996196001389762, 0.004017512000718853, 0.004098091000632849, 0.003942235999420518, 0.004023111000278732, 0.00403249299939489, 0.0041362680005840955, 0.003985796999331797, 0.00396047700138297, 0.0040003010001964864, 0.003972970999457175, 0.004094284000020707, 0.004137233000074047, 0.003978253999375739, 0.004088381000619847, 0.003953886999661336, 0.004193336999887834, 0.00418621299933875, 0.003992835999815725, 0.004003035999921849, 0.003940639998909319, 0.004137550999294035, 0.003993069999851286, 0.004005164999252884, 0.003997694000572665, 0.003981698999705258, 0.004045463000802556, 0.0045165759998781144, 0.004353983000473818, 0.004036918998754118, 0.0039277399991988204, 0.004114417000382673, 0.003982851000910159, 0.004156225000915583, 0.003977786000323249, 0.003981963000114774, 0.003993424999789568, 0.003966142999852309, 0.004036745998746483, 0.003998367999010952, 0.00399275700081489, 0.004136703999392921, 0.003931304000288947, 0.003949538000160829, 0.004053853999357671, 0.003980663999827811, 0.003972841999202501, 0.004075437999999849, 0.004025936999387341, 0.004233563000743743, 0.004098130999627756, 0.00410050799997407, 0.003966225000476697, 0.0039302160004444885, 0.004008805999910691, 0.004001579999458045, 0.004090196999895852, 0.00403544599947054, 0.0040348000008089005, 0.004058022998942761, 0.004238822000043001, 0.004031884999130852, 0.003963268000225071, 0.0039986959996167575, 0.004112012000841787, 0.00391043499999796, 0.004135183999896981, 0.004061946998263011, 0.004015301000908949, 0.00404905600080383, 0.003984938999637961, 0.004013134000560967, 0.003974156000185758, 0.003978718999860575, 0.004104200999136083, 0.0040553159994306046, 0.0042599659995175895, 0.004039768000366166, 0.004105820000258973, 0.004024102000985294, 0.004085043000231963, 0.003957839000213426, 0.004155394998379052, 0.0042729660001350565, 0.004035607000114396, 0.0039784909988520665, 0.004081458000728162, 0.004036033000738825, 0.00413071500021033, 0.004015123999124626, 0.003932439999916823, 0.004051869000395527, 0.00398624200024642]
