Granularity: Quarter
    Epsilon: 0.8
    Total time: 40.1976299s
    Best average reward: -194.8328053182346
    Best time: 0.004059544999036007s
    Entropy: 1.0984994857070245
    Coverage: 5.0
    Stability: 227.20776889802207%

Rewards: [-193.48301947428033, -193.1776167182871, -196.25942367657316, -192.77160572446127, -194.43524556305448, -194.90647490939568, -190.79301064545103, -192.12462032277824, -192.27998112330081, -192.6775026682049, -193.45302599598432, -194.02410099671783, -192.31298753101956, -193.72173393952573, -192.1888570471976, -194.05486010822386, -195.73998794177217, -193.7120288466997, -194.16124478605903, -190.82409103819498, -193.77643683746066, -195.82257066851633, -192.2634195895431, -194.75741902085502, -192.39818834485882, -194.0807623511388, -196.6838972080247, -193.0643866140454, -195.93044084036336, -194.07475269068544, -195.8890006037384, -193.81903338958472, -197.906284361188, -192.52680358300688, -196.4182441385319, -195.1381290521048, -194.90117355183352, -194.71770490247908, -194.62694442727116, -197.5616606613778, -197.50806236422562, -193.03147253696133, -195.838635967021, -191.63078677592043, -194.65108631681883, -195.25051519565, -195.83104067454076, -196.6505171925946, -195.37765868777703, -193.46213790148965, -193.4117638420591, -196.02441380206233, -195.02345681382744, -195.810809042822, -192.3629925382966, -194.63164815060753, -195.87135041546412, -194.92157132136632, -193.85946909357787, -194.55717832050985, -195.7198583050473, -194.9568300644466, -198.84205634520896, -190.75778387689505, -191.87074616048164, -193.69569034259183, -196.13642693519267, -191.8090109586167, -194.51122283669687, -193.72192933954105, -191.64566302437933, -195.90653964992518, -194.50104757759811, -192.67135417735332, -193.00642131715355, -193.51203234467343, -195.6693943428053, -196.17979790173635, -194.16582829873468, -192.00287594499875, -195.2906738757426, -194.92682203737436, -190.98485035070644, -193.37339088178322, -193.76992907514136, -194.97583168893522, -193.91365460841254, -196.14185592832834, -194.66911900540035, -193.8913614220363, -193.8715314509385, -194.151748972969, -194.78357399011983, -191.0296663941207, -195.28325918465222, -195.861680469491, -197.2141026457309, -194.812022871399, -196.32040692698985, -194.8328053182346]

Times: [0.0040941379997821055, 0.0038392450005630963, 0.004018170000199462, 0.0039888209998025555, 0.003943505999195622, 0.003818342999293236, 0.003846312999667134, 0.004696071000362281, 0.003906587999372277, 0.003931403000315185, 0.003957850998704089, 0.003886946000129683, 0.003904173999471823, 0.004167867000505794, 0.003883722999453312, 0.00412810099995113, 0.004171151001355611, 0.004304290000145556, 0.003987239999842132, 0.003946282999095274, 0.003915334999910556, 0.0038415140006691217, 0.0039593070006230845, 0.003979848999442766, 0.004009346000821097, 0.0038985469996987375, 0.00400233499953174, 0.003915985999046825, 0.003921732000162592, 0.003968544000235852, 0.0038879779991111718, 0.003885569999984, 0.0039288030010357035, 0.004015421999793034, 0.00421390999952564, 0.0039191579991893375, 0.004246719001821475, 0.003894201000657631, 0.0038491940016683658, 0.004070104999700561, 0.003818212000769563, 0.003842390000645537, 0.0038878510001813995, 0.003854346000298392, 0.0040218439989257605, 0.003965770999056986, 0.004199443999677897, 0.003999691000062739, 0.0038124239988974297, 0.003840425000526011, 0.003932869998825481, 0.00392006100009894, 0.0038465280002856162, 0.00396370000031311, 0.004113792001298862, 0.004085940999648301, 0.0039237379989936014, 0.004044145000516437, 0.00396447400082252, 0.004031187999498797, 0.003893757000332698, 0.0037803909993090203, 0.0038586149993352593, 0.0037667999998666347, 0.0039207219997479115, 0.003726221999968402, 0.003765098000440048, 0.004096626000391552, 0.003748769999074284, 0.003770719000749523, 0.003847472998750163, 0.0038565430004382506, 0.003859428000578191, 0.003810194999532541, 0.003752795000182232, 0.003797822000196902, 0.0038354410001193175, 0.0038822580003761687, 0.0038740289998531806, 0.003818777999986196, 0.00391754399985075, 0.0037412249998305925, 0.0037770980011555366, 0.003797583999548806, 0.003962301999999909, 0.003868605999305146, 0.004464230999146821, 0.004964354999974603, 0.005114922999491682, 0.0052957569995487576, 0.0069015979999676345, 0.005268547998712165, 0.0037921170007030013, 0.0038975889983703382, 0.0038309900004242082, 0.0037730270002793984, 0.003899699000758119, 0.003769774000684265, 0.0037730879995797294, 0.004059544999036007]
