Granularity: 1x
    Epsilon: 0.8
    Total time: 41.4445302s
    Best average reward: -171.68877471226642
    Best time: 0.0039055619994178416s
    Entropy: 1.0888925772734783
    Coverage: 39.5
    Stability: 246.4261706443189%

Rewards: [-177.29299972313572, -176.03332305159586, -168.85381229632358, -171.6649246828633, -175.59535839844852, -171.98311150777906, -171.40260159445901, -172.7105026489934, -171.24895632298453, -171.4246726251492, -173.76927372945383, -174.02399062697583, -174.8367260324927, -173.662915559705, -177.11609376071956, -173.11115436007637, -171.7935057840116, -173.95515362035817, -175.18097626058832, -173.85705258016733, -172.65967600189649, -173.77838055911295, -178.2777850543143, -174.6222435275994, -170.6205365644156, -174.9056220030208, -173.46828323959903, -175.09911208274036, -174.20124659011086, -173.6983320886295, -171.81169290645366, -171.86089944135333, -172.42566050012266, -172.73985827662887, -172.91310038387383, -172.51373711848365, -172.24045040223012, -172.84508006854674, -173.20215633304036, -172.49586321801283, -171.69235350371181, -173.2142908182753, -173.83274948421632, -172.07808534390404, -171.0232419919942, -173.01812888923928, -174.77522086834207, -173.7182923669948, -168.20926387612897, -174.21073193564527, -175.19391515336866, -173.65409802355666, -173.33788458896782, -173.3092390966878, -173.62780021350213, -171.62912155527673, -171.71232897345942, -173.00655641080368, -173.9040273451518, -171.20358452457208, -176.79068986883706, -174.8802493378707, -173.37283772709637, -172.68351866698177, -171.91836047222813, -175.3431968008241, -173.02667326056908, -174.33741167453155, -172.44418675145036, -172.46690210272882, -170.79586476909205, -170.6399326783515, -172.4076808603882, -171.58793927755562, -174.97391293809437, -172.5598287079734, -173.99344443538314, -176.07923591339255, -172.17910590797038, -175.3633287964748, -170.80928204638857, -174.93909647941916, -171.56785033606957, -171.13354144799843, -175.01321781080202, -170.2805063815129, -175.01004786687048, -171.7683959562919, -173.71918058612198, -174.8313989425489, -173.58829008350355, -172.85398390101057, -171.83706735522404, -172.3916962589662, -173.28368455759173, -171.41525255445242, -171.9640569105549, -173.1854196022027, -174.247338346705, -171.68877471226642]

Times: [0.004232912999286782, 0.004574422000296181, 0.0044178170000668615, 0.004549954000394791, 0.004365853000781499, 0.0043730969994794575, 0.00437778600025922, 0.004412039000017103, 0.004434963999810862, 0.004689957000518916, 0.00442162700011977, 0.00459475299983751, 0.004408854999346659, 0.004812955999368569, 0.004527657000726322, 0.004545373999862931, 0.004476917998836143, 0.004608685999992304, 0.004480446000234224, 0.0043817810001201, 0.006204342000273755, 0.006217262999562081, 0.004739217000897042, 0.004208706999488641, 0.004028233000863111, 0.00414795399949071, 0.00457290000107605, 0.004274161999346688, 0.0041366899995773565, 0.004642285000008997, 0.004020213000912918, 0.003970362000836758, 0.003908755000447854, 0.003952405999734765, 0.003957265000208281, 0.004043902999837883, 0.003996895000163932, 0.004042388999368996, 0.003867798999272054, 0.004022920999996131, 0.003965182000683853, 0.003894234001345467, 0.003905384999961825, 0.0039045920001808555, 0.004127169999701436, 0.004010683000233257, 0.003917318000167143, 0.003913555000763153, 0.00393775100048515, 0.003941648000327405, 0.003962061000347603, 0.003942995000397786, 0.003988563999009784, 0.003924131000385387, 0.003966148001345573, 0.003890158999711275, 0.0038916569991852158, 0.004049099999974715, 0.00393915300082881, 0.003982774999749381, 0.004023918999446323, 0.003985879999090685, 0.0038917429999855814, 0.003910782000748441, 0.004017748000042048, 0.003963955998624442, 0.003943514001002768, 0.00391979900043225, 0.0039016759996593465, 0.003943890999362338, 0.003918307999701938, 0.004025303999660537, 0.0039131959999213, 0.003990768000076059, 0.003882955000153743, 0.004018069999874569, 0.004016174999269424, 0.003970553000108339, 0.0038754959996731486, 0.0038592039987270254, 0.003981598001410021, 0.003871344001381658, 0.004060361000447301, 0.004002510000427719, 0.004074342000531033, 0.0038982719994965008, 0.004020455999416299, 0.003907841000764165, 0.003923100000392878, 0.00392664799830527, 0.003974610999284778, 0.00392215300060343, 0.0038914760005718564, 0.003975388000399107, 0.003939168000069913, 0.003984769998933189, 0.003954172000812832, 0.003920825000386685, 0.0039534730001469145, 0.0039055619994178416]
