Granularity: 100x
    Epsilon: 0.8
    Total time: 43.5224083s
    Best average reward: -192.59368623820058
    Best time: 0.004315505000122357s
    Entropy: 1.0985970129631086
    Coverage: 94219.5
    Stability: 229.3259497371758%

Rewards: [-195.65638054353624, -198.07087383936246, -197.56323946942274, -199.0301112834333, -198.42122138172834, -198.73869143379642, -196.10822729752158, -195.9495433005502, -193.7846053874095, -197.73898279671397, -196.8300345803235, -196.6281159393557, -198.1363761116955, -196.6110125916873, -196.24484218159571, -196.2707577269278, -196.7200019810441, -199.66172247781205, -200.04464534465046, -197.32348543944994, -199.45354977975438, -195.4612787264194, -198.16205907326332, -196.65150638114648, -197.48153944304119, -198.2836450116331, -200.60417754210098, -195.97144166923303, -195.397961499282, -196.84026213542563, -198.6558346843672, -199.51581127079564, -198.85463559984586, -194.96999333918268, -195.79975079212795, -193.94428591029387, -195.9168372186349, -195.98285133007204, -193.68331322017747, -193.32828519969644, -198.00658437319328, -194.71346351281633, -194.3907679351126, -198.9095480321256, -197.16953692859389, -195.68263292514075, -198.08614815468053, -194.16176778792826, -197.39782025124154, -195.82107296356386, -195.15635885812645, -196.55800229491405, -195.27849490184525, -194.7793659564448, -195.86167610272886, -197.65720270852316, -193.4463222385543, -194.57975558683276, -196.77170694662422, -196.70986358301695, -195.04058035502464, -194.80091836940292, -194.21864547656648, -195.10925020577022, -196.3892450364425, -195.96296047299495, -194.988662058098, -193.92098898189207, -195.0915536346564, -195.3155605595061, -194.26552888753483, -196.04861137459167, -194.01960492645856, -192.24000925223115, -195.18897409006354, -192.12986406892603, -193.84950121017357, -195.63357224603297, -195.12566434768962, -193.19980081806978, -195.68229580302065, -195.1187322191668, -195.82789730443903, -193.8145358491329, -196.29998881878072, -197.46965545488894, -195.8881802818842, -195.29268456606147, -195.3296798390028, -194.7212036248007, -193.7769695307525, -193.24649951615217, -198.5823080678208, -191.62633569695623, -193.82265103442532, -194.00761672759668, -193.94858904882213, -193.72111095956328, -196.52887705899408, -192.59368623820058]

Times: [0.004834627000236651, 0.004639862999611068, 0.004353783999831649, 0.004069939000619343, 0.004167606999108103, 0.004056847999454476, 0.004168587000167463, 0.00406281499992474, 0.004167453999689315, 0.00412638499881723, 0.0041405730003316425, 0.004093300999666098, 0.004037632001127349, 0.004159343000646913, 0.004238870000554016, 0.004150620999134844, 0.00409535299972049, 0.004119906999985688, 0.004178727999242255, 0.004075995998864528, 0.004162491000606679, 0.004191789001197321, 0.00439888599968981, 0.0043814430001657455, 0.0047116519992414395, 0.00439713300060248, 0.004063230999890948, 0.004519905000051949, 0.004208159999398049, 0.004130161999928533, 0.004424465000920463, 0.004088979999360163, 0.00436719700039248, 0.004187277001328767, 0.004182190002320567, 0.00438618700063671, 0.004426314999291208, 0.00419164799968712, 0.004360066000808729, 0.004391175000928342, 0.0043018250008753965, 0.004150639999716077, 0.004203514000691939, 0.004691581000515726, 0.0042028410005150365, 0.004149953999731224, 0.004516739001264796, 0.004187580000289018, 0.004226955000776797, 0.004421525000943802, 0.00409845000016503, 0.004189162999537075, 0.00423232699977234, 0.004186002999631455, 0.00429303999961121, 0.0042008969993912616, 0.004405925000028219, 0.0042144359991652895, 0.004172124998876825, 0.004053877000696957, 0.004951662000385113, 0.004304181999759749, 0.004135816000634804, 0.004083919000258902, 0.004253651998005807, 0.004377025999565376, 0.0042000979994190855, 0.004213084001821699, 0.004360340999992332, 0.004177304000622825, 0.004139023997995536, 0.004198108001000947, 0.00412001000076998, 0.004079597000963986, 0.004311799000424799, 0.004597165999730351, 0.004388187999138609, 0.004156843000382651, 0.004351648999581812, 0.004198029999533901, 0.004189149000303587, 0.0042392939992714675, 0.004125587000453379, 0.004183554999181069, 0.004249105000635609, 0.004453459000505973, 0.004455128001427511, 0.004789831999660237, 0.004619893000053708, 0.004251975999941351, 0.004172192999976687, 0.004258520999719621, 0.0043628370002261364, 0.004289582000783412, 0.004361279000295326, 0.004364987999433651, 0.004235931000148412, 0.004355525000573834, 0.004289547998487251, 0.004315505000122357]
