Granularity: 5x
    Epsilon: 0.8
    Total time: 42.1204568s
    Best average reward: -158.4135045597688
    Best time: 0.004057557999185519s
    Entropy: 1.070642807833104
    Coverage: 810.0
    Stability: 206.9433413326396%

Rewards: [-190.37393247347566, -181.15246638424279, -173.7842433183877, -172.53941263296102, -169.21102680554685, -165.30204538303772, -164.6686049825654, -164.56987923860547, -161.23341864819068, -163.86140968732334, -162.0935297574107, -160.2054605424716, -158.78351393433041, -163.0534391523435, -161.57238598209258, -158.14116026269892, -156.70478355728662, -158.34560283527892, -162.69190069161343, -158.86424095977466, -158.21462135904116, -157.64226525899198, -160.53209270873126, -157.1973440452281, -159.50471666038393, -159.11057291563702, -157.91595929699696, -157.25583093309865, -155.9720542638497, -159.2531420745672, -158.1305251188494, -158.9755858600546, -156.49799644650707, -158.98480779312135, -157.06513073378244, -156.48558001045112, -157.80094074226793, -161.71640839044048, -158.90075129884048, -160.15884551815697, -158.44752582795397, -158.7620243736808, -158.5383108353197, -162.20171318820547, -160.68524364453907, -157.1918178670784, -160.80368395665585, -157.5576917457531, -156.3100218226876, -157.98225918629763, -158.84321284407613, -158.31592806156064, -158.2458901041977, -156.7938095055329, -159.69166976753021, -157.86920001716823, -156.15241345613612, -156.43625297416483, -157.72143559578473, -157.7398172905624, -157.73744842095823, -158.98386000937325, -158.36117324603185, -157.94826334270817, -161.4956787415271, -158.20616567538255, -158.0830633713187, -156.1614066621997, -158.96395941762816, -156.7039582017639, -155.6238920429514, -157.58839050669584, -158.28693795289755, -158.782943475602, -158.1739047156295, -157.661472824116, -160.30848790442428, -158.872778757806, -159.15548319538792, -157.28368503875177, -158.24205689864684, -156.39098225710117, -156.8288137717203, -158.19910433287248, -155.5803122962496, -160.4255944375347, -157.505717643464, -158.8720184714078, -157.61981851605526, -158.10880052123946, -158.62065196264766, -159.20157215730632, -158.85950781418188, -159.28907005224335, -158.1606161697586, -159.068782204528, -156.74967452333192, -156.99982874745777, -156.5970944872032, -158.4135045597688]

Times: [0.003974342000583419, 0.004054238000535406, 0.004165456999035086, 0.004046106999885524, 0.004167044000205351, 0.0041149129997938875, 0.004041125000803732, 0.004032675999624189, 0.004103228999592829, 0.0041687149992503695, 0.004046707000234164, 0.004069943000213243, 0.004087107999948785, 0.0040712569985771555, 0.0042748300000675955, 0.003983032999385614, 0.004041962999617681, 0.00403400800016243, 0.0041892240011657126, 0.003952737998479279, 0.00424312400034978, 0.004241363999462919, 0.005305080000252929, 0.004072655999334529, 0.004041306000872282, 0.004362790000595851, 0.005519707000057678, 0.00493515200127149, 0.0053118480010016355, 0.004858011000033002, 0.004093681000667857, 0.004208529999887105, 0.004066726999299135, 0.0043733969992899805, 0.005781399999250425, 0.004961629000317771, 0.004116778999741655, 0.004506864999857498, 0.004187963999866043, 0.004195032001152867, 0.0040189809996809345, 0.0044910689991957044, 0.004651911999389995, 0.004294747000094503, 0.004060386999481125, 0.004015449000144144, 0.004250491000711918, 0.004548881998925935, 0.004274591999710538, 0.004192898000474088, 0.00429276100025163, 0.004611402000009548, 0.00418868399981875, 0.004362652000127127, 0.004253795999975409, 0.0042573719997017175, 0.004298210000415565, 0.004372265999554656, 0.004411421999975573, 0.004417845999560086, 0.004209183000202756, 0.004029877999564633, 0.00437198199928389, 0.004011267999594566, 0.004049477999069495, 0.004020754998928169, 0.003967916000401601, 0.0040264929991099055, 0.003958719000220299, 0.004083455999498256, 0.004005508001428098, 0.003972484998666914, 0.00409757600093144, 0.003941212000790983, 0.003986522999766749, 0.003962224000133574, 0.003998246998817194, 0.004004716998751974, 0.0040004899991618005, 0.004096366000449052, 0.003916226000001188, 0.003978848999686306, 0.0040131490008207035, 0.003960740999609698, 0.004019451000640401, 0.004187351999571547, 0.004027533000771655, 0.004130139000626514, 0.003950364999764133, 0.0040923460005433294, 0.00397168400028022, 0.004062087000202155, 0.0040340069992817005, 0.004042959999205778, 0.003999199000390945, 0.003967949001671514, 0.004108112999529112, 0.004006561999121913, 0.003969981999398442, 0.004057557999185519]
