Granularity: 10x
    Epsilon: 0.8
    Total time: 49.2019856s
    Best average reward: -161.78544263752968
    Best time: 0.004597304000344593s
    Entropy: 1.0772732455700935
    Coverage: 2889.0
    Stability: 172.62394111621805%

Rewards: [-195.65088441518546, -191.45895447459404, -191.12107492165325, -183.57415973101394, -187.8164403032287, -180.23205350639302, -178.48087156060436, -175.2809982270484, -176.9068206311878, -175.6963277637841, -172.4859965066958, -174.50132281603973, -174.3337199413038, -170.62696187591857, -172.64435496673272, -170.31761398383804, -167.59309865951428, -164.05534568000644, -170.07419383061904, -163.320299291063, -167.5611388561438, -164.1084634328004, -165.93648653980617, -165.40701191326858, -168.4716313708667, -161.61291564745926, -164.5405729293116, -163.5403933553299, -164.4560344034179, -163.71366522617384, -160.4777760263023, -160.40977155231755, -163.97691785605988, -160.14252134669047, -164.44951164918902, -163.45153924014437, -162.86187905907755, -162.47353432201734, -160.73063027704063, -164.00009736707068, -161.487309547001, -159.03349796410245, -162.86850632455585, -159.08656279830808, -161.9045934839614, -162.55895241912782, -160.63506323576274, -157.21008802515445, -160.97334682947934, -161.61782073859172, -161.34766286587742, -160.347224032862, -160.93539912741215, -160.75206827636111, -159.43072088078588, -163.2296167466282, -160.269916545701, -158.63673449188977, -158.80911953332415, -159.25074769214942, -158.4703127921399, -161.0892485304554, -161.68558607441034, -159.93711576128288, -159.2447942264807, -158.35483897324997, -160.5475653799866, -156.31437849267138, -159.93899676825268, -159.56864762219186, -161.76280115860698, -161.00402173598746, -157.64767983150531, -163.68571097234678, -157.48099638203377, -160.66459076110624, -158.531112365782, -156.2563940483311, -155.1346567195105, -159.1592901015381, -159.95135920617392, -158.34800408014615, -159.4682447264045, -157.04544477048051, -158.13398726354697, -159.152895592188, -158.2581727110785, -159.8756860245466, -157.2797668925765, -158.62295123214759, -157.81247251119578, -157.88596800835685, -158.46851811656217, -161.47867131509622, -159.33250232561042, -159.78327937198537, -159.0433982974201, -155.02650195176983, -157.3962571290351, -161.78544263752968]

Times: [0.004392901998799061, 0.006026242998341331, 0.005282846000045538, 0.00755906599923037, 0.005103101999120554, 0.004604717001493555, 0.005090029999410035, 0.005102846000372665, 0.005136919000069611, 0.005496636999741895, 0.004931015999609371, 0.00512345900060609, 0.004903153000486782, 0.005138256999634905, 0.004363804000313394, 0.004219641999952728, 0.004720336000027601, 0.005005231999675743, 0.004759088999126106, 0.004762158999219537, 0.004615450999699533, 0.004509510000207229, 0.0046723330006352625, 0.00480115200029104, 0.004622093000216409, 0.005112803000665736, 0.0059431699996639505, 0.005918476999941049, 0.006424865000299178, 0.007381177000206662, 0.005405102000222542, 0.004781126998714171, 0.004702507001638878, 0.004716938000055962, 0.005405600999947638, 0.005005351000436349, 0.004959121001156745, 0.005365314000664511, 0.005744945999467745, 0.005394516000378644, 0.005333226000366267, 0.004904760000208626, 0.00493599399967934, 0.004757052999193548, 0.005153239999053767, 0.005386588999390369, 0.005398006999312202, 0.004717545000166865, 0.00571502299993881, 0.00503082499926677, 0.005630786998954136, 0.005165747999417363, 0.005073641000344651, 0.004604888998583192, 0.004678597000456648, 0.004908289001032244, 0.004608008000359405, 0.004573942001297837, 0.0044408499989367555, 0.00472402899977169, 0.004468994999333517, 0.004424197999323951, 0.004588882000243757, 0.005063528000173392, 0.004314270000322722, 0.004661141999822576, 0.004541937000030884, 0.004338677998748608, 0.004589084999606712, 0.004455317999672843, 0.004460082999721635, 0.00463438100006897, 0.0048036910001246725, 0.004731371998786926, 0.004827644999604672, 0.004408349000150338, 0.004755185000249185, 0.004610655999276787, 0.004571360999834724, 0.004659310999413719, 0.004576381000078982, 0.0046673770007328134, 0.004554142999695614, 0.004754014000936877, 0.004276395999477245, 0.004680491999170045, 0.004737918000028003, 0.004423458000383107, 0.0046163999997952485, 0.00479291200012085, 0.004657862000458408, 0.004555894999502925, 0.00461105700043845, 0.004722587999858661, 0.004350724999821978, 0.004351596999331377, 0.004469889999454608, 0.005124191000359133, 0.004814034998998977, 0.004597304000344593]
