Granularity: 5x
    Epsilon: 0.8
    Total time: 42.0991214s
    Best average reward: -155.91778815517463
    Best time: 0.0043530029992689375s
    Entropy: 1.0711615609213467
    Coverage: 780.0
    Stability: 11929.361838172104%

Rewards: [-192.56595076735073, -183.5762572827814, -173.24943924124503, -171.88346020244103, -169.1308622847622, -167.2911468720509, -167.9111912940203, -164.310742872938, -163.04118283612587, -162.302288062638, -161.93133456538783, -165.77666872059046, -164.3777193030889, -163.74263460007424, -160.4678175571136, -159.18221462092788, -161.091228623296, -158.8376970651522, -164.45528459131782, -161.63896843558277, -159.66398456119768, -161.86378598629082, -161.15478462376947, -159.6980518193215, -160.0100617913794, -159.10928515607472, -160.5909720656976, -159.0141961364612, -159.97811368373684, -160.1364649807805, -156.15262000115524, -157.06467415000154, -159.783614074321, -160.87155193762064, -158.249005520806, -158.24922509951864, -160.0561947890206, -159.84434802015042, -158.81263177247513, -158.98422363837963, -159.71252093372513, -160.19730183188526, -159.31082324107365, -158.11327196274263, -161.27613944907668, -160.51432166917988, -158.18045045383596, -160.265552305439, -157.71257827845557, -158.61733893404343, -160.19989906666217, -156.25271148833792, -156.70523526573928, -155.93536141655616, -156.86551404910793, -158.8945480273245, -157.4218985503329, -155.59955134689824, -154.86858949195909, -160.40663091888632, -156.07454173427706, -157.22884495127045, -159.01943646130928, -159.8784087509946, -155.98154572662213, -159.78480436381483, -159.04857536441273, -155.52656099251368, -156.62893523522987, -158.55566175269576, -159.03766801282103, -158.79356707830195, -156.8223398948346, -156.24366429383952, -156.1977155381825, -156.45022879304054, -158.02927236807352, -158.45860327776737, -157.03947149545388, -156.9743458205054, -157.62199818124122, -156.66758175897314, -156.22432726304012, -157.56835097330008, -157.5876621367732, -157.6589252763655, -159.3373809276253, -158.97101751603572, -154.68126805882366, -159.94360656296504, -156.91502148693974, -159.5403825478392, -158.7163689100117, -159.09366912598267, -157.35932732510125, -154.01328863861372, -153.22131501128774, -156.6895455944642, -158.2039561388556, -155.91778815517463]

Times: [0.0038914260003366508, 0.004219589999702293, 0.00399142899987055, 0.0038839379987621213, 0.00401024400111055, 0.004018767999659758, 0.0041595640007290055, 0.003960019000369357, 0.004023489999963203, 0.004022041000134777, 0.004127661000675289, 0.003994435000349767, 0.00409717699920293, 0.003958223000227008, 0.0040907439998409244, 0.004047946999635315, 0.003997303000069223, 0.004125405999366194, 0.003995648000127403, 0.00397924100063392, 0.004020565000391798, 0.004010402000421891, 0.004053540000459179, 0.004137121999374358, 0.004045828001544578, 0.004077954999957001, 0.004034263999201358, 0.004061240999872098, 0.004111474998790072, 0.0040601620005327275, 0.003983246999559924, 0.004457938998821191, 0.0040349579996836835, 0.004084185000247089, 0.0041642939999292135, 0.004030681000003824, 0.00402575100059039, 0.004076715999981388, 0.004056847001047572, 0.00410504600033164, 0.004048393000557553, 0.004046538999537006, 0.004189296999975341, 0.004008360000589164, 0.004106746001634747, 0.00399100599999656, 0.003965733998338692, 0.004132351999287493, 0.004063895999279339, 0.004282868000591407, 0.0039657100001932125, 0.00472184400059632, 0.004361238999699708, 0.004093367000023136, 0.004450554000213742, 0.004053787999291672, 0.004289621999487281, 0.004057867999654264, 0.004078930999385193, 0.004019081000005826, 0.004032103000354254, 0.004197397999523673, 0.00418512200092664, 0.004101095998776145, 0.003994286999950418, 0.004021809999539982, 0.004052694000129122, 0.0040370540006551894, 0.004141884999262402, 0.003945305000670487, 0.003974357001134195, 0.00405576100005419, 0.004051021000341279, 0.00407949800035567, 0.004048904000665061, 0.004058896001370158, 0.004049043998820707, 0.004015766000084114, 0.004232476001343457, 0.004003605999896536, 0.004180476000037743, 0.0042534059993340635, 0.007030637999414466, 0.004571205000102055, 0.005601255000947276, 0.004713624000287382, 0.00410600399991381, 0.004150325998925837, 0.005909024999273243, 0.005357150999334408, 0.004070109000022058, 0.004048139999358682, 0.004667579000524711, 0.004577352000051178, 0.004478761000791564, 0.004199700000317535, 0.004462635999370832, 0.004659499999979744, 0.004503370000747964, 0.0043530029992689375]
