Granularity: 2x
    Epsilon: 0.8
    Total time: 41.5667810s
    Best average reward: -164.9326014743586
    Best time: 0.0040402549998543695s
    Entropy: 1.0791199002560257
    Coverage: 153.0
    Stability: 243.7113222896004%

Rewards: [-178.20243158815006, -169.88093249216604, -168.03361294019248, -167.61699982202077, -168.0350628434045, -164.73018333466771, -165.65649033588318, -165.88710945954386, -166.77344961465505, -164.7283587610865, -166.6409362779948, -163.83781821104645, -167.7474538913184, -165.50697298664807, -165.4459275439033, -166.3557157515918, -164.23782352108552, -165.56259189970638, -162.2502376652399, -161.86377115145234, -164.68444215020045, -164.0263455662021, -162.72632579633392, -164.19332960567536, -164.08436260588462, -162.45910828106548, -165.8395486425861, -166.6781645914976, -163.6873484943786, -165.0863260716541, -165.1272881258965, -164.83914210218205, -162.68227510527714, -162.3260626257936, -164.96158983379996, -167.2081386953645, -164.22842834853586, -166.29336110905567, -165.0010806829713, -166.42036824981972, -165.4015974652482, -164.17698112517607, -164.49356774376454, -163.120321063364, -162.75484888294957, -162.6921545881852, -164.31635137493464, -163.9193287171009, -166.49293499266946, -162.00907071308254, -162.45411532878543, -161.89720718110428, -165.30953860495254, -167.14927251313776, -162.71803988015282, -164.44503932416302, -164.14402457841737, -164.15703910040259, -166.944856705063, -163.28913110977618, -165.96010104809625, -163.97379083717647, -164.5158574880475, -165.3699518865769, -163.8472942045273, -163.74336729404806, -162.54543004001874, -164.64144764273, -165.90731900839563, -163.58967102145243, -162.10401304805157, -164.67670118165762, -163.04339602389248, -164.18105614154112, -165.1167298765653, -163.78895063684774, -164.08969829682712, -167.1037603838792, -163.6106566758958, -162.70623179751067, -164.04913228777647, -164.40751380405197, -166.20492622686743, -165.39195562352663, -162.5582891973809, -164.57344167175276, -166.22460074868664, -166.49355622839212, -165.155448821791, -162.840229038475, -163.628899856621, -164.10971802176218, -163.78591429714663, -163.7420956102604, -166.21968098555536, -164.45556905965333, -164.20333315411818, -165.9637613550628, -164.29699936385802, -164.9326014743586]

Times: [0.0039300230004300826, 0.004083396999922115, 0.004108269999560435, 0.004014771999645745, 0.0040781239999341775, 0.00401215800025966, 0.004289376000524498, 0.004070662000449374, 0.003983194999600528, 0.0040552429991657845, 0.00407926499916357, 0.004027029000717448, 0.004158269000763539, 0.0039985029994568325, 0.0041385160002391785, 0.004119515000056708, 0.004140471999562578, 0.004010373999626608, 0.004212123001780128, 0.0039450079998641745, 0.0041727039993566, 0.003989804000884761, 0.004015017000347143, 0.0039640730002429335, 0.004078743000573013, 0.004046649998344947, 0.004128920001239749, 0.003928980999189662, 0.004148376998782624, 0.004089209000521805, 0.005064109001104953, 0.004297582000144757, 0.0039052169991191476, 0.003993567001016345, 0.004073408000404015, 0.003986262000689749, 0.0039230840004165655, 0.003951732001150958, 0.004034406999853673, 0.003915376999939327, 0.004009807000256842, 0.00395586199927493, 0.003933223999629263, 0.004005154000042239, 0.003955362998822238, 0.0039035539988253732, 0.0039021060001687147, 0.004013269999850308, 0.004015669998771045, 0.003961545999482041, 0.003947691000648774, 0.003882758999679936, 0.003926436000328977, 0.003969426000403473, 0.00408064200048102, 0.005899421999783954, 0.0048512020002817735, 0.005653776000690414, 0.0052635009988443926, 0.004183131000754656, 0.0041584229991713075, 0.004879490998719121, 0.006319218000280671, 0.004507891998946434, 0.004142512999678729, 0.004304082999442471, 0.005082394999481039, 0.004187542999134166, 0.004103049999685027, 0.003938857999746688, 0.004009653000248363, 0.004030827000242425, 0.003924572000687476, 0.00411320599989267, 0.004135973998781992, 0.004220856998872477, 0.003931073999410728, 0.0040184480005700605, 0.0041310079998220315, 0.0040128790003655015, 0.003938202000135789, 0.003933208999951603, 0.003988294999144273, 0.003958034001698252, 0.003954516999510815, 0.004015210000798106, 0.0040240839998296, 0.003915682999650017, 0.004074943999003153, 0.00392383600017638, 0.004044839000125648, 0.003988806000270415, 0.0040614160016411915, 0.003957918000232894, 0.003928764001611853, 0.004082641999411862, 0.00406081599969184, 0.004355879999202443, 0.00412355600099545, 0.0040402549998543695]
