Granularity: 2x
    Epsilon: 0.8
    Total time: 40.2368788s
    Best average reward: -163.81536974848274
    Best time: 0.003870268999307882s
    Entropy: 1.0793770572824406
    Coverage: 127.0
    Stability: 210.36532948402726%

Rewards: [-182.7350070830082, -169.7644167643652, -167.66238988706894, -166.86816301505675, -168.73755574383028, -163.8578006280591, -167.37210550855548, -163.16988183251797, -162.8254587990428, -169.67819710744618, -166.3792972557967, -165.2329986288392, -164.88270549527653, -165.37857997204216, -163.92558523780946, -168.1168638504053, -163.4548773718014, -162.8291263327718, -163.65650693740292, -167.69135496875958, -165.03622597208698, -166.4435928908075, -165.97514557662652, -166.21896711824468, -165.29123262894507, -165.87626189429636, -165.09871131893422, -167.2276890269508, -165.25999021957398, -166.5464988607222, -164.59403356025615, -163.31135811619882, -164.45038714439036, -164.94096962889785, -167.449936613937, -167.5904235555259, -163.6690863937458, -162.17065034531296, -165.50196126712865, -163.78898803383524, -162.7478499610367, -165.3781896263223, -164.07567567276692, -163.96005267106233, -165.3204455267896, -164.4409824773972, -164.29000384322015, -162.04372120091165, -162.8466972394088, -166.79600622573938, -163.1180666692482, -164.75842001373084, -163.90332172841812, -165.13865509133592, -166.11802627631226, -165.03864711891646, -164.3155271623167, -162.18573852102136, -168.33998863692395, -161.87247693714437, -164.9432588913494, -164.70535534105386, -164.71464172819634, -162.90484063027347, -161.9075529977831, -164.25639995200308, -165.2127062021658, -165.45309757166208, -162.54745730478476, -164.41293434221993, -164.8419566994076, -161.926298542794, -164.83746294773027, -165.7699369190226, -166.66934135138916, -165.79452953803397, -163.51591781393046, -165.43882480233376, -161.87747326074995, -165.702298540804, -165.63144272909722, -165.8255166624559, -166.8625012517029, -163.78589677874518, -162.66037657338146, -165.1485085321356, -162.65413783928852, -165.1710384277892, -163.8803845643339, -164.76749422123143, -164.28722421239087, -165.88911435584853, -165.2811228048418, -165.89575389147623, -164.85396102026294, -166.1061658140251, -163.6382085744162, -164.1883166381436, -161.91217763112678, -163.81536974848274]

Times: [0.003870811999513535, 0.003907012000563554, 0.0039530169990030116, 0.0038345240004127846, 0.003908524999860674, 0.004032901999889873, 0.003890832999168197, 0.003839216999767814, 0.004090084999188548, 0.003912814999930561, 0.003908541001146659, 0.003901536999765085, 0.00386296899872832, 0.003919110999704572, 0.0038770959990506526, 0.003943458000430837, 0.0039240749993768986, 0.004090740999672562, 0.004126100000139559, 0.0041184619998966806, 0.005436213999928441, 0.0063709820008079985, 0.004517690999928163, 0.003957343000365654, 0.003960422999516595, 0.003914679999870714, 0.003882225000706967, 0.004049495999206556, 0.0041967009997460995, 0.004039664999872912, 0.004155514999001753, 0.0038730839999334423, 0.00458657899973332, 0.004011034000723157, 0.004201858000596985, 0.0039022270010900684, 0.0038965209994057657, 0.003950068999110954, 0.003922425999626285, 0.003953042000503047, 0.0038993680008570664, 0.004041544001083821, 0.004010458000266226, 0.003945000999665354, 0.0040231900002982, 0.004077192999247927, 0.004077311999863014, 0.004028675000008661, 0.003867503999354085, 0.003909830001066439, 0.0039579739997861905, 0.004077315000031377, 0.004022288999840385, 0.0038951630002702587, 0.0038934199992218055, 0.003896541999274632, 0.0038616650007315912, 0.003849595001374837, 0.004025077000696911, 0.003984659000561806, 0.004001332000188995, 0.004261776999774156, 0.003905597999691963, 0.004246203998482087, 0.003915373000345426, 0.004304935999243753, 0.0039187359997595195, 0.004035335999069503, 0.003885616000916343, 0.0038695070018002296, 0.003916988999553723, 0.0038907139989896675, 0.003928174999746261, 0.0038218429997505157, 0.004005548999703024, 0.004024685999902431, 0.0038637830001243857, 0.003940601999202045, 0.0039426420006202535, 0.003874749000824522, 0.003940970999392448, 0.0039412940001057, 0.00386078799929237, 0.0041614719989593145, 0.004017631998722209, 0.003947302999295061, 0.0038867060001939535, 0.003917529000318609, 0.003960893999028485, 0.00397572199915885, 0.003916038000024855, 0.003965142000670312, 0.003893963999726111, 0.004024079000519123, 0.003970317001076183, 0.004022038999391952, 0.0039018189994385467, 0.003922278999380069, 0.004031306999240769, 0.003870268999307882]
