Granularity: Half
    Epsilon: 0.8
    Total time: 44.8582062s
    Best average reward: -183.5502791051452
    Best time: 0.004516854000394232s
    Entropy: 1.0954405506983889
    Coverage: 12.5
    Stability: 421.8990409275273%

Rewards: [-182.98164392546317, -182.74337677299758, -183.27409746435353, -182.70433628415637, -182.7377867659513, -184.05052197041329, -179.93627650036527, -185.17070013485502, -183.2596450002372, -183.93065999189693, -181.34678930124613, -183.75629289002146, -183.02434817519534, -184.93235176909755, -179.48258682621884, -185.829494467637, -186.75637423127512, -183.09382983332662, -184.5166729257341, -184.96001939054423, -183.5367596737132, -182.5260397337671, -185.47761350820565, -185.43517028211306, -185.3236247310781, -184.0069405859063, -184.1247323691054, -185.94526270599613, -181.02869028988087, -186.65057588419052, -182.04114527273777, -184.43320895607675, -179.8565173214542, -183.2932429823887, -182.44573745932954, -183.28939767952232, -183.63329142480586, -184.54023637718896, -183.2523070661165, -184.44884632065762, -183.0875622620354, -183.4175803827393, -186.50628793782565, -182.57198738388848, -183.7059649189784, -185.09740346196412, -183.44705255674629, -185.3074503056596, -181.88436917539758, -184.8472007269798, -180.16884742614988, -183.3342258920111, -186.1430648451874, -185.73640728327965, -182.19499048636172, -185.55070706364188, -185.58762734785162, -181.20935239604052, -182.20445432912894, -184.07862475018112, -183.94201319792487, -182.36488045616056, -183.63745128104017, -183.0890895444567, -180.21120944571803, -179.64192138393048, -182.8463417154458, -181.58312911409007, -180.70958995130295, -183.79508462895777, -185.4878797897843, -183.64434600432932, -186.0754504042131, -182.20555244372994, -180.189017232218, -183.53154937768667, -185.40773135785582, -182.41934175493472, -182.74815270718045, -182.17492429461296, -184.75572034020198, -181.45310134458924, -185.62656029556416, -184.64700783221062, -181.706896210093, -183.6697346122985, -180.81400536825228, -181.96863548105475, -188.08712492668383, -184.65417482705553, -181.06790443345045, -184.51634041750708, -184.54124079169551, -182.59265628424285, -187.19855690630385, -181.93938426224042, -183.06942739297995, -185.82204227576545, -184.04737862486877, -183.5502791051452]

Times: [0.004566255000390811, 0.004904437000659527, 0.004755370000057155, 0.003997715000441531, 0.0038910100002249237, 0.0042352120004943575, 0.006671775999711827, 0.0049618150001333565, 0.004741545000870246, 0.004171952000033344, 0.004369757000240497, 0.004268016000423813, 0.004463599999289727, 0.004718102998740505, 0.004392476999928476, 0.004488136999862035, 0.0047092430005432106, 0.005084908999997424, 0.00452603999976418, 0.004564898001117399, 0.004529164000996388, 0.004690384000277845, 0.004583251000585733, 0.004413999000680633, 0.004305815000116127, 0.004318520999077009, 0.004635143999767024, 0.004681334999477258, 0.0049670039988995995, 0.004294111999333836, 0.0045357179990969596, 0.004398727000952931, 0.004260785000078613, 0.004263976999209262, 0.004269896000478184, 0.0045379319990752265, 0.004742562999454094, 0.004581538999918849, 0.004285218000004534, 0.0049470979999750855, 0.004518742999789538, 0.004385533000022406, 0.004516632000595564, 0.00450064900011057, 0.004637391000869684, 0.004452374001411954, 0.004385181001125602, 0.004306164001172874, 0.004369638999050949, 0.004441369000269333, 0.004293393999832915, 0.004376584000128787, 0.004290107000124408, 0.004527680000319378, 0.0045606510003563016, 0.004423603000032017, 0.004273634000564925, 0.004557782999618212, 0.004426049000030617, 0.004290410999528831, 0.004340067000448471, 0.004231109000102151, 0.0043299319988000205, 0.005088322999072261, 0.004548178000695771, 0.004392196000990225, 0.004382347999053309, 0.004395715000573546, 0.004357703999703517, 0.004374909999605734, 0.004429113000805955, 0.0044549609997193325, 0.00433206000001519, 0.004447311000840273, 0.004406707000161987, 0.00444758599929628, 0.004212596000434133, 0.004336809001106303, 0.004517673000518699, 0.00429301000025589, 0.004485516000131611, 0.004341015999816591, 0.004394197998917662, 0.004537784999702126, 0.004242732999991858, 0.00427989599906141, 0.00438586399963242, 0.004704554999188986, 0.004249993999255821, 0.0044711190008092675, 0.004402855999651365, 0.004369756000232883, 0.00437198100014939, 0.004389236000133678, 0.004213284999714233, 0.004294459000084317, 0.004597814000735525, 0.0044114490007632415, 0.004614646000409266, 0.004516854000394232]
