Granularity: 10x
    Epsilon: 0.8
    Total time: 40.7153778s
    Best average reward: -158.82974957085943
    Best time: 0.004104322999628493s
    Entropy: 1.0773464472128025
    Coverage: 2841.5
    Stability: 178.4133407546916%

Rewards: [-195.86970275167826, -192.20138100330834, -187.5271996326247, -186.70744554364973, -183.4501749033926, -178.0489025301053, -182.09845061579887, -181.9949165118995, -180.12123869609576, -172.08050505633645, -174.7637141017889, -172.52270343697077, -169.16244344881426, -171.9158965094804, -170.2468651345779, -172.9136109275588, -165.98000422065238, -167.8689112323333, -164.34228107440916, -168.43472281003125, -167.44590798203637, -166.42929020765666, -162.47373918849362, -166.0174852928903, -161.87108457838835, -166.10282048384917, -162.75716319979603, -164.95851427909147, -164.23215960310233, -161.36816198958576, -163.21767010953573, -165.04374943940536, -162.16886352887397, -163.8355672545884, -161.12419050717006, -161.71776744480658, -161.87013397880446, -159.38630040163147, -160.402431787934, -161.04341288072487, -164.6722651586358, -161.93036057095117, -159.5927792541688, -163.22121211982295, -161.57635261174477, -160.1314207767769, -161.5487771413873, -161.85859706696934, -160.14376659443374, -162.3317064128336, -159.56901474988857, -163.13289726979875, -158.7677392433036, -159.3188305066865, -163.71362981093046, -159.7018523490176, -160.18767368266808, -159.233718661171, -165.8880807421245, -160.68974264687503, -160.86532994573545, -160.6446123597572, -159.59314843829608, -158.1766165800584, -158.78991126197695, -158.04086955859242, -159.16735864701764, -157.94162166130494, -157.79267694041454, -159.44465145737934, -158.75620475091944, -160.6422614208725, -157.1538477879707, -159.27302505072797, -159.74606882219805, -157.10127847429214, -162.29986682708687, -160.43753795931127, -161.9508589451614, -157.28663748622287, -159.94538273415847, -157.02909030846115, -158.15479156079385, -158.73726611189946, -159.04689117423106, -156.59933525415678, -160.51311024636752, -155.89940619465767, -160.7455089289095, -156.96534506864006, -159.94469666228682, -157.75227700211212, -157.64253382650034, -159.72681247973185, -156.66766959776626, -157.9823535051464, -156.7048327897691, -162.73646492342658, -157.8702237815955, -158.82974957085943]

Times: [0.003916022000921658, 0.004004654000164009, 0.003984198000252946, 0.004076995000505121, 0.0040236720000393685, 0.003991882999398513, 0.003985949000198161, 0.004116884000104619, 0.004108598999155219, 0.004183876999450149, 0.004075039000599645, 0.004088761000166414, 0.004437784999900032, 0.004137644000147702, 0.003990784000052372, 0.004041761999687878, 0.00399517500132788, 0.004046159998833901, 0.004024352998967516, 0.0040772060002200305, 0.004082894000021042, 0.003977628999855369, 0.004184184999467107, 0.004017786000767956, 0.003969790000555804, 0.0040657299994200004, 0.004188731998001458, 0.004247789998771623, 0.0040435369998158424, 0.004104883998807054, 0.003999023000360467, 0.004030898001219612, 0.004102908000932075, 0.0040441459997964556, 0.0041112569998949765, 0.0039893910007958765, 0.003982559000141919, 0.004021735000278568, 0.004026969000988174, 0.004093886000628117, 0.0040823490014008715, 0.003968276000377955, 0.004165999000251759, 0.004028954000677914, 0.004254675999545725, 0.003970952999952715, 0.003967478999256855, 0.004017514000006486, 0.003972290000674548, 0.004061102000268875, 0.004043817000056151, 0.004075250999303535, 0.004065775000344729, 0.004125179999973625, 0.004071206999651622, 0.004138225998613052, 0.004036595001380192, 0.004067980000108946, 0.00408939000000828, 0.004109736000245902, 0.0040395309995801655, 0.004000221998721827, 0.004016323999385349, 0.004072339000122156, 0.00403478099979111, 0.004191958999581402, 0.004096126999793341, 0.004046644000336528, 0.004059984000778058, 0.004068051000213018, 0.004027232999796979, 0.004008690999035025, 0.00406555100082187, 0.003990218999242643, 0.004071926000178792, 0.004019814999774099, 0.004025265999807744, 0.003949196999601554, 0.003987243000592571, 0.004010407000605482, 0.003982266999228159, 0.004161590000148862, 0.0041598689991224095, 0.0044338699997751975, 0.004000696998846251, 0.004106960000353865, 0.004032795998937217, 0.004020343999873149, 0.004120744999236195, 0.004008869999524905, 0.004019060000719037, 0.004081920000317041, 0.003999249999906169, 0.004134241999854567, 0.004062916999682784, 0.004024274999392219, 0.004091246000753017, 0.004169958999846131, 0.0040339680000033695, 0.004104322999628493]
