Granularity: 1x
    Epsilon: 0.8
    Total time: 39.8425546s
    Best average reward: -176.98534625687495
    Best time: 0.0038822990003973246s
    Entropy: 1.0891180003490986
    Coverage: 43.0
    Stability: 923.8062985467233%

Rewards: [-176.01183091614482, -173.05504717778516, -170.49437976496196, -169.7240724515761, -177.84248953886618, -170.54351823270662, -173.55897273289395, -173.93217667316358, -172.26092362607568, -172.41314294098495, -175.97567950412312, -171.63223827714828, -171.6249755130288, -175.95860235321754, -173.51062520845792, -172.43327509540939, -172.6041182083073, -174.90838823422814, -172.35321197730593, -177.04369105414816, -176.56273197651979, -173.67770743149228, -170.90021701935868, -172.7037123742855, -175.17285161702057, -172.50857612705903, -177.12673627306532, -178.07419822783413, -175.28306495857265, -175.4681104697615, -174.05682780635462, -171.5875252136693, -172.53210481631365, -175.67291371120152, -173.94768779660419, -173.90169742466347, -171.7709828635212, -174.33531809379463, -172.86031072546066, -173.9728697279448, -174.85696587646183, -172.24181877048454, -174.12846263502541, -173.66853468715868, -176.05403646787934, -176.99523776798677, -171.92535147400682, -172.92482106526222, -176.26143785446854, -170.49264382423283, -172.776640182224, -175.46987970775103, -173.06658218858433, -175.81693286938105, -175.79182674540655, -176.1289369164055, -175.26726002124605, -177.8854236365667, -175.91295043302202, -174.2107543657593, -173.8664675776013, -172.14283885713746, -172.62297037660454, -173.6646154128536, -177.87187916743468, -175.06541661343465, -174.64516534394548, -172.16933795239586, -171.70128191957053, -175.45354105317784, -172.95077354926093, -177.5333457039529, -173.55540061810927, -172.67976727613694, -171.0091140025792, -172.1652160224107, -171.9693012714874, -175.20697331355234, -175.09096027651321, -173.4553569941803, -171.98123993379895, -175.18807980498164, -171.79455591579756, -171.5171499145886, -169.13877807303157, -173.17323943652352, -174.24545538205786, -174.10545357043443, -175.90050088880434, -173.52435173772258, -173.41180974280152, -174.23034204611255, -175.77837625198393, -172.41274588148895, -173.0579935000109, -171.44344968021218, -172.28204073070486, -170.07223388343914, -173.92104812903108, -176.98534625687495]

Times: [0.00391094299920951, 0.0039196940000692845, 0.003904169998713769, 0.003999053999723401, 0.003992625000682893, 0.004051985999976751, 0.004026269999158103, 0.0039520230008929505, 0.004071665999654215, 0.0039914490004593975, 0.003972135999065358, 0.004006252999533899, 0.0038930800008529333, 0.004059176999435294, 0.003949127999949269, 0.00389815699934843, 0.0038904479997290764, 0.004100498001353117, 0.004164586999249878, 0.003905399000941543, 0.0039709369995398446, 0.0039323499995225575, 0.00402879799818038, 0.004023007999494439, 0.0039378029997169505, 0.004032271999894874, 0.0039999919997353575, 0.003976437000528676, 0.003990639000112424, 0.004036820999172051, 0.004068138999427901, 0.00402351699929568, 0.0039589239993074446, 0.004026280999532901, 0.003992625001701527, 0.0039646099995297845, 0.003920822999207303, 0.003885106999950949, 0.003974015999119729, 0.003957264000200666, 0.003926037999772234, 0.0038672580003913026, 0.004024267999484437, 0.003953010000113864, 0.003930724999518134, 0.004042672000505263, 0.003940627999836579, 0.00407482800030266, 0.003959527000261005, 0.003908568000188097, 0.003997345999669051, 0.00390923799976008, 0.004004687999986345, 0.003918120999442181, 0.0039487820009526334, 0.004037353999301559, 0.004011503999208799, 0.0039136249994044196, 0.0041872059997695036, 0.0039803169990773315, 0.004017698000679957, 0.003981369001267012, 0.003923023999959696, 0.004147007999417838, 0.004042185998841887, 0.004077907001046697, 0.00394026899986784, 0.0040009459998691455, 0.003956538000929868, 0.003930495999520644, 0.004137560000526719, 0.0039238859993929506, 0.0038981980000971817, 0.0039778780000051485, 0.003950066999532282, 0.00399672500017914, 0.0040240510003059175, 0.0039830279987654645, 0.0039932030001364185, 0.003975564000575105, 0.003944025000819238, 0.003953550997975981, 0.0039007390005281195, 0.003952545999927679, 0.004058323000062956, 0.003990204000438098, 0.003915785000426695, 0.0038810660000308415, 0.004004055999103002, 0.003928672000474762, 0.003975839999766322, 0.0039074509996862615, 0.0039050309991580435, 0.00405595300035202, 0.0039720410002337305, 0.0038877759996103125, 0.004003107000025921, 0.003944431999698282, 0.003971213999611791, 0.0038822990003973246]
