Granularity: Half
    Epsilon: 0.8
    Total time: 39.6458937s
    Best average reward: -182.82535470846776
    Best time: 0.004051743000309216s
    Entropy: 1.09530143288872
    Coverage: 13.5
    Stability: 186.70406645553763%

Rewards: [-183.90286509611073, -187.1421962684104, -185.29178298831485, -185.70421964017817, -183.88514811110375, -185.26274965881913, -183.72496693711105, -182.41860255375386, -182.05188253943456, -184.42360163330446, -181.69058006443322, -185.15449081982516, -183.1156124714453, -182.5675090319504, -182.04536998239098, -181.89676292358013, -182.912466642304, -183.09043339798635, -180.62206014719905, -182.05867523561835, -183.59988922064764, -184.86768943301362, -184.5448465087884, -182.0100502624026, -182.6971767039622, -179.28394758809156, -184.2690759401269, -181.67284836117216, -185.93137924062822, -184.04945802976735, -181.65882888950713, -182.6796446409354, -184.6307042473367, -184.08393753262303, -184.1170375757846, -181.47336310550648, -183.1254830062514, -184.0725113462764, -182.60709364328798, -181.99679085600366, -184.91020613526646, -186.2804282712179, -182.5657011881491, -181.49916673437085, -183.26119282746032, -183.21588902875047, -182.34267856209462, -180.38081460024245, -183.72320875194418, -180.70533815916897, -183.90177302124548, -182.4319326717464, -183.55211627502987, -183.26975149249208, -180.85870139338473, -184.57964010936965, -184.32533722467724, -184.6225029457824, -179.29762194116972, -185.78615351528558, -180.85354766242722, -183.91797696545095, -182.6775390946423, -182.25823365875047, -179.9026211576649, -183.64325428162545, -184.43456412458457, -180.7721902429338, -181.17975882432117, -182.06356931289284, -184.43205420247853, -182.3848375724304, -182.72742442360197, -182.37518335831956, -180.515131346621, -182.28558666114287, -182.71409905558005, -181.75152843003931, -182.7330089414216, -182.87225699907802, -179.2983671991174, -187.08381658407853, -182.68280713225357, -183.54638898104338, -185.1174482552543, -182.20774737106595, -181.3232186252587, -184.1975343554526, -183.9760312998962, -183.31458568526838, -182.59961487230302, -182.3184486415214, -181.4784342097104, -182.869456349723, -186.2570045980391, -183.15026222420306, -184.14875315645133, -180.66055020826192, -182.28677999450392, -182.82535470846776]

Times: [0.004452888999658171, 0.004146730000211391, 0.00423531099993852, 0.004022928999766009, 0.004041684999829158, 0.00411504799965769, 0.004065565000346396, 0.004061564999719849, 0.004202719999593683, 0.003981964001286542, 0.0038749609995284116, 0.003912236999312881, 0.004102776999498019, 0.004069264999416191, 0.0041659700003219766, 0.003918675000313669, 0.0038835240005573725, 0.003910184999695048, 0.003888245999260107, 0.0040352980000898245, 0.0039809610003430865, 0.003915866999159334, 0.003846884999802569, 0.0039445939984580035, 0.0038896359999489507, 0.003869701999647077, 0.003981103999685729, 0.0038944029991398567, 0.00395957700049621, 0.003930267001414904, 0.0038408829987747594, 0.00391562500022701, 0.003940769001055742, 0.0040087980005773715, 0.003930700000637444, 0.00380868799999007, 0.003874449000140885, 0.0038561940001090988, 0.00390994299959857, 0.0038354899996193128, 0.003906629001139663, 0.0038362009996490086, 0.0038802869991923215, 0.003923264000331983, 0.003985279999906197, 0.0038148439992801287, 0.003931486998626496, 0.003916929000115488, 0.003979332000308204, 0.003914633000240428, 0.0038406740014033857, 0.004027938000217546, 0.003933793999458431, 0.0038605419993109538, 0.003943614000017987, 0.0039599140007339885, 0.0039982390000659505, 0.00382529600043199, 0.003925226999854203, 0.0038869550003437325, 0.00396125499959453, 0.0039617079996969555, 0.0039027160001569427, 0.003901620999822626, 0.0040181439989828505, 0.00385904299953836, 0.004032602000806946, 0.003936474998918129, 0.003890957999974489, 0.003927575000852812, 0.0039271660002123095, 0.0039510340000560975, 0.0038267649986664766, 0.003890508999757003, 0.004028428999736207, 0.0040818929999659305, 0.004097626000584569, 0.003935305001796223, 0.003945826999843121, 0.0039055260000168345, 0.0038412119993881787, 0.003956229001196334, 0.0038639169999805743, 0.003955283000250347, 0.004490640000003623, 0.00397643000134849, 0.0039986919997318186, 0.003938514999754261, 0.003910185999702662, 0.0038831619996926746, 0.003937206999835325, 0.0041071730002295226, 0.0038678059997619128, 0.003880436999752419, 0.003982202000042889, 0.004006744000071194, 0.00397645399949397, 0.0038856479997048153, 0.0038004090015601832, 0.004051743000309216]
