Granularity: 1x
    Epsilon: 0.8
    Total time: 43.3801847s
    Best average reward: -169.69575128980142
    Best time: 0.004152256999805104s
    Entropy: 1.0889739834976544
    Coverage: 35.5
    Stability: 173.85487393252546%

Rewards: [-180.65604899608138, -174.54567939908898, -174.4189992563926, -172.4489143516659, -177.39752844192103, -171.84704924767647, -169.45998243117373, -177.49042285664905, -170.96615723082826, -175.17037330157646, -172.26122823984954, -175.88889226056838, -176.0566591088244, -173.5288141481656, -172.8577425783468, -175.86665873776917, -174.26550482537567, -171.83687323580102, -172.85877967431043, -172.4654510577601, -173.28306695430277, -172.3873950539465, -173.5332026876882, -175.41789245275967, -171.0867853400798, -175.98011209709483, -173.4006696327376, -173.7157614003372, -174.27045212349697, -171.53931723567013, -171.00465137557822, -173.30039508081802, -173.67170333455908, -172.9614703979547, -172.43263664104296, -173.74697466242287, -172.51117187367737, -172.00281520054796, -173.26811885374067, -172.4437035576275, -174.10840299442737, -172.1659578873398, -172.59015442547633, -174.65253053195374, -174.283856793998, -174.4668066150913, -174.8363338919615, -171.5033153353657, -174.28368051608086, -172.10374119881556, -173.25938170156655, -175.30161657128727, -171.9221487039962, -174.71501019631955, -176.45693140415892, -172.1590267570257, -172.33358691772216, -174.6869756672704, -173.48431398951638, -174.69990301076254, -173.70757082199282, -173.07075489133354, -174.2069763239893, -171.78228568845333, -174.67442601299533, -173.79724411362287, -170.57144105566368, -174.21369192952457, -169.98463150701417, -174.7266701576243, -171.34125800362668, -176.45046679694605, -171.1124166692456, -173.50880249576394, -174.20172797283647, -169.53620148785146, -172.91952139054376, -171.25933311744683, -174.75458215123567, -175.81647454401642, -173.75041099338728, -171.89167000992123, -174.038604798533, -171.99547739293254, -172.58708961556147, -172.81595516735695, -170.99767963952033, -173.98364967768444, -178.7985144241343, -172.5134127702421, -170.113118819243, -173.68098304257686, -172.89926698213606, -173.8601230673059, -172.82609040802694, -173.69591441660793, -174.639294923138, -170.71142513759762, -173.14969537662094, -169.69575128980142]

Times: [0.004182143000070937, 0.004248527000308968, 0.004191570999682881, 0.004019180001050699, 0.00406454100026167, 0.004192146000423236, 0.004207244000863284, 0.004674846999550937, 0.004310441000998253, 0.004749084999202751, 0.004557214000960812, 0.0042696469993097706, 0.004027984000567812, 0.004278708999918308, 0.004299907999084098, 0.004160110000229906, 0.004033838999603177, 0.004084608999110059, 0.0044464539998443795, 0.004430055998673197, 0.0041813360010564795, 0.004255024999874877, 0.004311312999925576, 0.004037262999481754, 0.004299866000656039, 0.004042431000561919, 0.0041503399985958825, 0.004017965000093682, 0.0040075040006195195, 0.00435419700021157, 0.004024309999513207, 0.0041411129999323745, 0.003990470999415265, 0.004596016998693813, 0.0051757249989896085, 0.004446055000007618, 0.004977888000430539, 0.004766842998069478, 0.004087169999838807, 0.004598331000597682, 0.004285171000956325, 0.004193870998715283, 0.004060343000892317, 0.004004753999324749, 0.00404676800055313, 0.0041714960004901516, 0.003976601000322262, 0.004049022999533918, 0.00408603099946049, 0.004114946001209319, 0.004140580999810481, 0.0041266590014856774, 0.004171625000162748, 0.004300026001146762, 0.0042430710000917315, 0.004185882998717716, 0.005674380999989808, 0.005603634000726743, 0.004029327000753255, 0.004899167999683414, 0.004160703000525246, 0.004004728998843347, 0.004264294999011327, 0.005124801000201842, 0.004976749000343261, 0.005948795001168037, 0.004169146001077024, 0.004935172000259626, 0.005471046999300597, 0.004273763998935465, 0.0041469809999398425, 0.004493627999181626, 0.004240585000370629, 0.004738895999034867, 0.004148208000115119, 0.004209659000480315, 0.0040927630000805945, 0.004041408999910345, 0.004937180000706576, 0.004729315000004135, 0.0051699319991166705, 0.005126417000283255, 0.004248739000031492, 0.0040720990003319454, 0.00406138300022576, 0.004123961000004783, 0.004072079000907252, 0.004320139999617822, 0.003996748000063235, 0.004018413999729091, 0.004123351000016555, 0.004170285000000149, 0.003980405998881906, 0.004150971000344725, 0.003970134999981383, 0.004034853000193834, 0.0040076950003276575, 0.0039658400004555, 0.00402614899983746, 0.004152256999805104]
